#Messdaten für Eu152, Messzeit 4676s, Abstand 7,3+1,5cm
       0
       0
       0
       0
       0
       0
       0
       0
       0
       0
       0
       0
       0
       0
       0
       0
       0
       0
       0
       0
       0
       0
       0
       0
       0
       0
       0
       0
       0
       0
       0
       0
       0
       0
       0
       0
       0
       0
       0
       0
       0
       0
       0
       0
       0
       0
       0
       0
       0
       0
       0
       0
       1
      11
      32
      64
      96
     114
     127
     155
     140
     138
     130
     125
     132
     134
     102
     123
     137
     124
     134
     125
     104
     120
     131
     130
     115
     131
     117
     113
     126
     125
     128
     133
     108
     115
     137
     109
     137
     130
      96
      99
     114
     142
     111
     110
     121
     113
     119
     125
     125
     117
     132
     140
     223
     295
     333
     218
     111
     110
      87
     100
      96
     104
     103
     105
     107
     131
     219
     266
     219
     167
     149
     114
      87
      80
      84
     100
      85
      93
      83
      83
      76
      90
      77
      81
      87
      80
      83
      85
      70
      66
      72
      74
      78
      83
      84
      86
      85
      70
      85
      65
      70
      83
      73
      72
      74
      75
      66
      76
      70
      94
      95
      72
      96
      74
      52
      79
      81
      64
      64
      79
      85
      69
      69
      82
      60
      82
      81
      66
      79
      77
      66
      72
      95
     102
      88
      90
      90
      89
      99
      79
     115
     102
      99
     103
      80
      83
      72
      88
      85
      94
      90
      80
      83
      80
      99
      99
      98
     104
     115
     119
     146
     136
     148
     134
     142
     154
     162
     133
     122
     143
     120
     135
     104
     108
     121
     112
     102
      90
     116
     102
      89
      98
     112
      90
     107
      99
     111
      85
      97
      97
     102
      83
      77
      91
      97
     100
     102
      89
     109
      99
      84
      94
      99
     114
      95
      94
     125
      92
      66
     118
     109
     102
     116
      96
      98
      91
      98
      96
     109
     114
     110
     114
     117
     102
     119
     118
      96
     100
     104
     109
     114
      96
      91
     117
     126
     116
     135
     116
     118
     118
     122
     152
     117
     119
     115
     130
     117
     130
     134
     134
     117
     122
     130
     149
     446
    1797
    4332
    5388
    3136
     952
     211
      95
      83
      82
      88
      81
      97
      85
      72
      77
      80
      82
      86
      88
      84
      70
      79
      69
      81
      75
      76
      72
     104
      75
      82
      74
      83
      89
      82
      69
      64
      63
      75
      80
      92
      80
      87
      76
      79
      63
      85
      83
      72
      72
      81
      75
      67
      78
      75
      66
      90
      91
      70
      79
      86
      87
      81
      96
     106
      89
     105
     101
     109
     100
     100
      97
     100
     115
     100
      95
      96
      86
     119
      77
      94
     109
      93
     103
      99
     105
      89
      85
      97
      91
      86
      89
      91
      95
      89
      77
     105
      90
      80
      86
      87
      75
      79
      92
      75
      65
      83
      86
      90
      72
      78
      74
      73
      80
      76
      91
      72
      65
      82
      95
      77
      83
      81
      74
      57
      72
      66
      74
      94
      77
      86
      81
      81
      77
      66
      73
      88
      69
      67
      84
      85
      89
      86
      74
      61
      83
      88
      83
      76
      79
      82
      68
      77
      94
      78
      66
      55
      68
      90
      81
      71
      88
      80
      79
      61
      78
      64
      80
      72
      89
      73
      65
      56
      77
      66
      67
      76
      80
      79
      65
      78
      77
      78
      88
      64
      72
      66
      90
      81
      81
      80
      76
      80
      78
      76
      77
      80
      82
      65
      80
      72
      75
      63
      79
      74
      73
      80
      76
      70
      64
      62
      59
      65
      62
      66
      67
      70
      79
      70
      86
      68
      59
      70
      66
      67
      86
      63
      70
      69
      62
      68
      64
      64
      71
      56
      71
      58
      76
      58
      60
      72
      60
      75
      57
      58
      62
      77
      56
      65
      65
      73
      63
      53
      81
      64
      66
      52
      66
      51
      65
      59
      59
      49
      54
      54
      64
      52
      59
      57
      57
      60
      54
      63
      51
      54
      57
      50
      54
      40
      52
      43
      55
      49
      47
      54
      48
      53
      50
      50
      41
      46
      39
      54
      59
      34
      47
      47
      50
      46
      36
      43
      35
      44
      39
      53
     123
     393
     700
     771
     569
     232
      92
      37
      39
      56
      46
      45
      38
      49
      39
      47
      48
      37
      43
      54
      58
      54
      34
      42
      45
      37
      33
      43
      44
      40
      35
      41
      37
      33
      48
      40
      46
      32
      42
      29
      38
      32
      30
      37
      36
      29
      30
      32
      42
      49
      40
      47
      32
      24
      40
      37
      30
      37
      38
      35
      40
      36
      32
      37
      38
      32
      40
      41
      37
      50
      41
      31
      38
      38
      29
      50
      36
      39
      25
      28
      40
      35
      28
      36
      36
      41
      34
      35
      27
      43
      24
      29
      39
      30
      36
      43
      25
      38
      29
      38
      35
      25
      31
      36
      38
      20
      32
      31
      30
      27
      34
      24
      24
      49
      36
      40
      21
      33
      31
      26
      38
      25
      31
      27
      37
      28
      33
      22
      54
      70
      69
      65
      42
      40
      39
      38
      36
      23
      31
      37
      43
      40
      36
      32
      32
      30
      29
      33
      28
      18
      30
      25
      34
      24
      37
      25
      39
      32
      28
      34
      37
      26
      26
      31
      22
      23
      28
      26
      28
      31
      28
      38
      27
      31
      33
      35
      29
      30
      39
      30
      22
      31
      25
      26
      20
      26
      19
      34
      30
      36
      20
      39
      28
      30
      25
      28
      29
      26
      17
      29
      29
      32
      27
      32
      32
      25
      29
      30
      20
      33
      23
      19
      44
      24
      33
      32
      26
      26
      23
      27
      24
      24
      28
      19
      24
      18
      25
      37
      27
      26
      26
      34
      30
      25
      20
      29
      28
      28
      35
      23
      26
      22
      28
      24
      31
      51
     129
     338
     828
    1451
    1687
    1293
     626
     222
      42
      31
      21
      17
      23
      23
      26
      25
      15
      35
      21
      25
      24
      14
      22
      21
      25
      35
      18
      16
      17
      34
      28
      28
      11
      20
      15
      25
      31
      19
      17
      25
      14
      25
      21
      21
      20
      25
      19
      17
      16
      19
      18
      20
      15
      26
      29
      28
      24
      23
      31
      39
      43
      41
      60
      48
      43
      32
      23
      23
      21
      27
      12
      23
      18
      15
      23
      22
      21
      23
      23
      17
      23
      15
      21
      20
      28
      21
      16
      17
      32
      23
      17
      21
      21
      27
      17
      16
      17
      18
      20
      14
      18
      19
      22
      24
      18
      22
      33
      23
      24
      19
      23
      29
      23
      21
      19
      23
      13
      22
      16
      22
      23
      22
      21
      18
      22
      23
      22
      20
      24
      22
      23
      22
      23
      18
      27
      28
      20
      27
      14
      16
      19
      16
      27
      17
      16
      15
      23
      18
      16
      16
      21
      20
      28
      17
      21
      17
      19
      20
      24
      17
      21
      18
      11
      19
      23
      29
      30
      49
      87
     128
     140
      98
      65
      38
      18
      25
      26
      14
      21
      17
      18
      25
      29
      18
      20
      14
      23
      21
      10
      22
      16
      21
      10
      14
      22
      22
      18
      26
      24
      15
      23
      20
      21
      13
      10
      21
      26
      28
      28
      20
      26
      21
      19
      24
      19
      12
      13
      22
      16
      23
      22
      18
      20
      17
      25
      16
      18
      25
      18
      17
      19
      17
      15
      25
      20
      19
      23
      25
      24
      16
      14
      18
      18
      18
      14
      11
      20
      34
      46
      79
     127
     155
     131
      93
      45
      24
      17
      17
      20
      31
      21
      18
      23
      18
      20
      19
      24
      12
      17
      11
      21
      16
      21
      24
      26
      15
      15
      19
      23
      17
      21
      14
      13
      16
      16
      20
      14
      19
      19
      24
      18
      20
      17
      24
      19
      18
      14
      21
      22
      19
      23
      24
      19
      23
      17
      21
      20
       9
      19
      17
       9
      20
      25
      28
      24
      15
      15
      25
      18
      16
      15
      21
      27
      15
      22
      19
      14
      21
      21
      21
      22
      17
      18
      21
      24
      20
      14
      19
      18
      20
      19
      20
      16
      17
      20
      21
      10
      21
      18
      24
      25
      20
      12
      17
      23
      21
      19
      17
      19
      25
      29
      31
      38
      34
      30
      23
      19
      20
      20
      28
      22
      21
      14
      23
      21
      10
      14
      17
      20
      21
      17
      16
      20
      19
      21
      18
      12
      24
      15
      19
      19
      18
      21
      22
      19
      16
      19
      27
      21
      23
      19
      21
      27
      13
      23
      22
      17
      14
      20
      20
      29
      20
      29
      21
      26
      29
      23
      33
      27
      25
      22
      22
      20
      29
      24
      24
      13
      19
      17
      25
      16
      15
      13
      19
      12
      20
      12
      23
      17
      20
      22
      20
      29
      17
      21
      21
      15
      19
      21
      18
      20
      17
      17
      17
      19
      11
      23
      21
      13
      26
      17
      19
      25
      18
      19
      27
      22
      20
      17
      21
      13
      19
      13
      21
      23
      20
      10
      23
      15
      23
      15
      23
      12
      21
      17
      21
      22
      20
      18
      19
      19
      10
      19
      24
      22
      18
      15
      27
      14
      26
      11
      26
      22
      11
      20
      29
      11
      20
      20
      17
      23
      20
      16
      27
       7
      24
      16
      20
      19
      17
      21
      17
      17
      14
      22
      13
      26
      24
      18
      27
      18
      14
      21
      21
      22
      17
      24
      17
      21
      22
      18
      23
      23
      30
      24
      17
      29
      36
      33
      28
      39
      32
      23
      24
      19
      36
      20
      19
      12
      21
      23
      17
      18
      16
      17
      17
      20
      18
      20
      21
      21
      15
      23
      16
      12
      26
      19
      16
      29
      18
      22
      19
      22
      24
      22
      22
      11
      20
      21
      24
      18
      19
      18
      24
      11
      23
      20
      17
      28
      14
      20
      27
      17
      19
      31
      23
      24
      20
      17
      18
      17
      16
      19
      20
      19
      18
      22
      21
      18
      18
      17
      13
      17
      13
      13
       9
      11
      20
      21
      13
      15
      14
      18
      11
      14
      20
      15
      21
      18
      19
      20
      19
      14
      14
      14
      14
      16
      16
      17
      22
      18
      24
      20
      17
      18
      26
      19
      11
      18
      17
      18
      17
      15
      24
      15
      20
      10
      14
      13
      15
      23
      19
      12
      16
      23
      15
      17
      18
      16
      13
      21
      20
      12
      15
      19
      13
      16
      13
      16
      17
      16
      14
      20
      17
      14
      18
      15
      15
      24
      16
      15
      13
      16
      14
      15
      12
      17
      17
      23
       9
      26
      21
      22
      10
      18
      15
      17
      16
      16
      14
      10
      18
      18
      15
      23
       9
      17
      16
      20
      16
      13
      18
      22
      15
      19
      17
      14
      13
      13
      14
      20
      12
      15
      13
      18
      13
      14
      13
      14
      21
      13
       8
      18
      15
      15
      18
      16
      26
      20
      13
      11
      15
      14
      21
      10
      20
      18
      19
      16
      19
      14
      18
      15
      27
      13
      20
       7
      17
      13
      30
      24
      27
      15
      17
      17
      12
      24
      19
      18
      26
      21
      22
      21
      15
      20
      24
      11
      23
      12
      16
      18
      12
      13
      14
      13
      12
      23
      19
      13
      20
      21
      14
       9
      14
      17
      18
      22
      19
      17
      24
      16
       9
       9
      11
      22
      26
      20
      19
      18
      16
      23
      18
      17
      26
      22
      23
      20
      16
      19
      13
      17
      13
      22
      19
      15
      12
      11
      17
      11
      15
      24
      23
      15
      19
      22
      19
      28
      30
      33
      25
      20
      15
      19
      24
      13
      17
      16
      19
      17
      15
      15
      17
      13
      11
      15
      12
      11
      14
      12
      20
       9
      16
      14
      14
      12
      13
      13
      14
      15
      20
      23
      11
      19
      24
      20
      13
       9
      11
      15
      23
      14
      17
      12
      13
      11
      15
      19
      15
      15
      21
      13
      18
      12
      10
      22
      14
      17
      20
      12
      19
      25
      21
      20
      12
      17
      17
       9
      16
      18
      14
      18
      24
      24
      25
      17
      24
      24
      21
      13
      21
      24
      19
      19
      17
      15
      18
      10
      10
      18
      23
      14
      20
      11
      15
       9
      15
      17
      11
      15
      14
      18
      12
       8
      15
      12
      21
      17
      15
      17
      18
      22
      14
      24
      16
      15
       9
      13
      13
      23
      18
      15
       8
      13
      15
      16
      18
      13
      18
      16
      19
      12
      16
      22
      18
      25
      16
      14
      24
      17
      12
      12
      11
      20
      24
      22
      16
      21
      14
      15
      11
      12
      15
      17
      21
      19
      16
      16
      16
      18
      13
      15
      17
      22
      17
      18
      14
      19
      18
      17
      12
      18
      13
      10
      21
      20
      12
      17
      14
      16
      18
      17
      15
      19
      16
      23
      16
      16
      21
      31
      11
      14
      16
      14
      10
      13
      18
      10
      13
      15
      17
      17
      18
      18
       3
       9
      16
      18
      24
      19
       7
      15
      18
      20
      20
      36
      22
      21
      50
      51
     111
     150
     196
     221
     194
     171
     110
      63
      30
      19
      13
      14
      16
      17
      13
      10
      10
      17
      23
      13
      15
      18
      12
      11
       7
      16
      12
      11
      10
      18
      17
      10
      18
      10
      12
      20
      13
      14
      12
      14
      15
       9
      17
      18
      17
      18
       9
      17
      14
      15
      14
      12
      13
       9
      14
      16
      10
      14
      10
      12
      14
      17
      18
      21
      11
      12
      14
       9
      12
      13
      19
      15
      18
      12
      13
       9
      10
      16
      21
      21
      10
      16
      15
      19
      17
      13
      14
      12
      22
      14
      13
      12
       8
      13
      14
      10
      10
      19
      18
      15
      23
       8
      14
      11
      18
       9
       6
      11
      14
      10
       9
      15
      12
       5
      13
      14
      12
       9
      16
       8
      12
       7
      18
      14
      15
      13
      16
      17
       8
      13
      10
      14
      11
      11
      13
      16
      14
      13
      16
      14
      10
      19
      12
      13
      11
      17
      15
      13
      15
      19
      12
      16
      15
      18
      11
      16
      15
      13
      20
      16
      15
       9
      19
      14
       8
      15
      19
       9
      17
      14
      13
      13
      13
      11
      11
      10
      14
      17
      15
      13
      16
      12
      14
      17
      16
      12
      24
      23
      16
      17
      10
      18
      14
      10
      11
      11
      13
      18
      18
      11
      11
      18
      19
      15
      13
      12
      20
      20
      16
      19
      18
      14
      18
      21
      12
      14
      21
      21
      31
      38
      47
      48
      64
      70
      63
      44
      35
      27
      17
      10
      13
      14
      16
      16
      11
      11
       9
      10
      11
      17
      12
      10
      11
      18
      24
      20
      19
      11
      12
      12
      16
      12
      11
      12
      13
      10
       5
      14
      14
      12
      17
      12
      13
       9
       9
      10
      10
      15
       5
      11
       9
      14
      16
       9
       6
      11
      12
      17
      15
      16
      12
      11
      12
      15
       9
      17
      17
      13
       9
       9
       8
      10
      12
       3
      13
      17
       6
      12
      16
      11
      13
       8
      14
      12
       9
       9
       9
      13
       9
      17
       9
      19
      11
       8
      10
      17
      13
      13
       9
      11
       9
       7
      10
      11
      10
      15
      10
      13
      11
       8
       6
       9
       9
      11
      10
      15
       9
      11
      12
       8
      11
       9
       7
       8
      12
       6
       5
       9
      11
      17
      13
      12
      20
      11
      10
      15
      12
       7
       8
      11
      10
      14
       9
      10
       9
       7
      10
       6
      11
      18
      20
       6
      10
      10
       7
       8
       9
       8
      11
       4
       5
       6
      13
       8
      13
       6
       8
      10
      10
       9
       9
       8
      11
       5
       9
       6
      10
       5
      11
       5
      12
      10
       8
       7
       8
       7
       8
       9
       8
       6
       8
      15
       9
       9
       6
       6
       8
      14
       4
      14
       7
       7
      12
       8
       9
      10
      10
      12
      11
       8
      12
       9
       8
      10
       5
       7
       8
      12
       5
       7
       8
       6
       5
      12
       9
      14
       6
       7
       5
       7
      12
       7
      13
      13
      12
      19
      23
      32
      67
      95
     116
     158
     153
     172
     140
     132
      89
      49
      34
      17
      10
       9
       5
       6
       7
      10
      10
      10
      11
       5
       5
      11
       7
       4
      10
       7
       6
       7
       3
      10
       7
       9
       8
       7
       8
       5
       6
      10
      13
       6
       5
       8
      13
       9
       7
       6
       9
       4
       7
       4
       8
       6
       6
       5
       3
       3
       4
       4
       4
       9
       6
       6
       8
       6
       8
       4
       8
       5
      10
       4
       5
       5
       9
       4
       6
      11
       6
       9
      11
       4
       6
      12
       6
       6
       8
       8
       4
       2
       3
       4
       2
       4
       6
      12
       7
       7
       6
      12
      10
       7
       9
      13
       6
      13
      15
       8
      13
      16
      13
       3
       7
       4
       6
       1
       9
       9
       7
       4
       4
       1
       7
       9
       5
       5
      10
       9
       5
       4
       7
       8
       5
       6
       5
       5
       7
       5
       7
       4
       6
       5
       6
       2
       5
       9
       5
       7
       6
       8
       6
       9
       6
       7
       2
       9
       5
       8
       8
       7
       2
       4
       3
       2
       5
       2
       3
      11
       5
      10
       8
       4
       8
      13
       9
       6
       4
       8
       5
       6
       8
       5
       6
       5
       7
       5
       8
       2
       7
       9
       3
       5
       6
       8
      10
       6
       9
       7
       4
       9
       4
       5
       6
       2
       7
       3
       8
       3
       4
      10
       9
       6
       9
       7
       7
       7
       6
       4
       7
       3
      10
       7
       4
       4
       3
      13
       5
       1
       4
       4
       5
       4
       9
       7
       3
       5
       4
       5
       4
       6
       5
       8
       2
       1
       6
       6
       7
       6
       5
       3
       7
       2
       6
       6
       8
       8
       2
       2
       8
       6
       8
       7
      11
       6
       7
       4
      16
       2
       7
       3
       6
       5
       7
       7
       6
       6
       6
       7
       6
       3
       8
       9
       7
       3
       5
       8
       9
       9
       3
       4
       9
       4
      12
      13
       6
      14
      10
       8
      10
       9
      21
      16
      42
      72
      69
      76
     109
     109
     113
      91
      71
      54
      36
      21
      24
      22
      23
      18
      24
      20
      12
       6
      11
       8
       4
       8
       1
       5
       8
       6
       2
       6
       5
       4
       6
       3
       4
       9
       3
       2
       7
       5
       5
       5
       5
       3
       5
       5
       5
       4
       5
       8
       6
       7
      11
       3
       4
       8
       4
       7
       7
      11
      11
      13
      27
      22
      43
      50
      70
      83
     108
     118
     112
     110
     109
      92
      62
      36
       8
       8
       7
       5
       7
       7
       2
       4
       8
      10
       6
       6
       4
       3
      11
       7
      14
      10
       6
       5
       6
      13
       5
       7
      11
       7
      10
       4
       6
      12
       7
       5
       5
      11
       7
       8
      11
       3
       2
       3
       6
       6
       4
       9
       3
       5
      11
       3
       6
       8
      10
       5
       5
       9
       7
       4
       8
       8
       7
       6
       4
       7
       7
       5
       7
       6
      12
       6
       9
       3
      11
       8
       3
       8
      12
       7
       7
       6
       4
      10
       6
       3
       6
       3
       8
       4
       7
       8
       5
       4
       7
       3
       5
       5
       3
       7
      10
       7
       5
       2
      13
       6
       7
       9
      11
      11
       6
      12
      10
       6
      10
       9
       6
       7
       2
       7
       7
       5
       5
       4
       8
       4
       3
      10
       7
       4
       7
       8
       5
       7
      12
       3
       6
       2
       5
      12
       9
       7
       4
       8
       8
       9
       7
       2
      11
       4
       8
       5
       6
       6
       5
       7
       6
      11
       5
       7
       4
       7
       6
       8
       4
       4
       8
       6
       6
       8
       5
       7
      13
       7
       7
       6
       4
       9
      10
      11
       3
       6
       4
      11
       4
       8
       7
       5
       4
       7
       7
       3
       8
       5
       8
       5
       5
       9
       4
       3
       4
       5
       5
       4
       4
       4
       6
       3
       6
       3
       2
       8
       2
       2
       4
       7
       1
       5
       1
       5
       7
       6
      10
       6
       2
       4
       6
       4
       7
       8
       3
       3
       4
       5
       5
       2
       7
       5
       1
       3
       4
       7
       3
      19
       9
      10
      10
      10
      18
      10
      17
       9
      14
      10
      11
       5
       4
       7
       1
       4
       2
       4
       2
       5
       5
       3
       4
       3
       5
       5
       4
       3
       2
       2
       2
       1
       3
       3
       3
       2
       3
       1
       1
       7
       7
       5
       4
       1
       5
       3
       5
       1
       2
       3
       5
       2
       4
       1
       4
       4
       3
       4
       4
       2
       5
       3
       4
       3
       2
       2
       4
       2
       5
       7
       2
       7
       2
       5
       3
       5
       4
       1
       3
       2
       1
       3
       2
       3
       2
       2
       2
       2
       2
       4
       2
       2
       3
       4
       3
       2
       6
       3
       6
       2
       3
       4
       1
       3
       2
       4
       2
       0
       2
       5
       2
       6
       3
       3
       4
       3
       5
       4
       0
       4
       1
       3
       3
       6
       2
       1
       5
       2
       3
       4
       4
       3
       3
       2
       1
       0
       3
       5
       5
       1
       4
       1
       4
       1
       2
       1
       3
       1
       2
       0
       2
       4
       1
       4
       3
       1
       2
       6
       4
       4
       2
       5
       6
       1
       2
       2
       2
       4
       2
       1
       1
       1
       2
       3
       5
       1
       0
       3
       3
       2
       1
       1
       0
       1
       2
       0
       2
       2
       0
       5
       2
       0
       3
       3
       1
       3
       1
       1
       2
       2
       1
       2
       3
       3
       4
       2
       4
       4
       1
       3
       0
       4
       6
       4
      12
       4
       7
       9
      10
       8
      16
       5
      11
       3
       5
       3
       2
       0
       3
       2
       3
       3
       0
       2
       3
       0
       3
       3
       3
       1
       1
       0
       1
       1
       0
       0
       1
       2
       2
       4
       3
       2
       1
       1
       2
       2
       3
       2
       1
       2
       0
       0
       0
       0
       2
       0
       3
       0
       0
       2
       2
       4
       3
       1
       1
       2
       1
       2
       2
       1
       1
       2
       1
       1
       2
       0
       0
       4
       0
       0
       1
       1
       0
       1
       1
       1
       2
       2
       2
       0
       2
       0
       1
       2
       3
       1
       2
       1
       0
       0
       1
       0
       1
       3
       0
       1
       1
       0
       1
       2
       1
       0
       0
       0
       0
       0
       1
       1
       0
       2
       1
       1
       0
       0
       2
       3
       0
       1
       2
       2
       1
       0
       0
       0
       0
       1
       0
       3
       0
       1
       1
       0
       2
       0
       2
       1
       1
       3
       2
       0
       0
       0
       0
       0
       0
       2
       0
       1
       0
       1
       0
       0
       0
       0
       0
       3
       2
       0
       1
       1
       2
       0
       0
       2
       0
       1
       1
       2
       1
       0
       1
       1
       0
       1
       0
       2
       0
       0
       0
       2
       1
       1
       1
       0
       0
       0
       0
       1
       3
       2
       0
       2
       1
       0
       0
       1
       2
       1
       0
       2
       0
       2
       0
       0
       1
       1
       1
       1
       1
       1
       1
       1
       1
       0
       0
       1
       4
       1
       2
       0
       2
       1
       1
       2
       1
       0
       1
       0
       1
       2
       0
       1
       1
       1
       0
       1
       3
       1
       1
       1
       1
       2
       1
       0
       1
       2
       1
       0
       2
       0
       3
       4
       2
       2
       5
       4
       9
       7
       8
      18
      13
      15
      39
      54
      65
      81
      81
     100
     130
     110
     109
     117
      94
      58
      48
      19
       7
       1
       0
       1
       1
       1
       1
       0
       1
       0
       1
       0
       0
       0
       0
       2
       0
       0
       1
       1
       1
       0
       0
       0
       0
       0
       1
       3
       0
       2
       0
       0
       4
       0
       0
       2
       0
       0
       0
       1
       0
       0
       1
       0
       0
       0
       0
       0
       0
       0
       0
       0
       0
       0
       0
       0
       0
       0
       0
       1
       0
       1
       0
       0
       0
       1
       1
       1
       0
       0
       1
       1
       1
       1
       1
       0
       1
       1
       0
       1
       0
       0
       0
       1
       1
       0
       1
       0
       0
       0
       1
       2
       1
       2
       0
       0
       0
       1
       0
       2
       1
       2
       0
       0
       0
       0
       2
       0
       2
       1
       0
       2
       2
       0
       7
       1
       7
       4
       3
       6
       7
       6
       3
       4
       4
       6
       5
       4
       3
       2
       1
       2
       1
       0
       0
       0
       0
       0
       0
       2
       1
       0
       1
       0
       1
       0
       1
       1
       0
       0
       2
       1
       0
       1
       0
       0
       2
       0
       1
       1
       1
       0
       0
       0
       0
       0
       0
       0
       0
       1
       0
       1
       0
       0
       0
       0
       0
       0
       0
       0
       1
       0
       0
       0
       1
       0
       0
       0
       0
       0
       1
       0
       0
       0
       0
       0
       1
       1
       1
       0
       0
       2
       0
       0
       1
       0
       1
       1
       0
       0
       1
       2
       1
       0
       1
       0
       1
       1
       0
       0
       0
       0
       1
       0
       0
       0
       0
       1
       2
       0
       0
       0
       1
       0
       1
       0
       1
       0
       0
       1
       1
       0
       1
       1
       0
       0
       0
       0
       1
       0
       1
       0
       0
       0
       1
       1
       0
       0
       0
       1
       0
       0
       0
       0
       2
       0
       0
       1
       0
       1
       2
       1
       1
       1
       0
       1
       1
       0
       0
       0
       1
       0
       2
       0
       2
       1
       2
       2
       1
       1
       2
       3
       1
       2
       3
       3
       2
       0
       0
       0
       0
       0
       0
       0
       0
       0
       0
       2
       1
       0
       0
       1
       1
       0
       0
       0
       0
       0
       0
       0
       1
       1
       0
       0
       0
       0
       0
       0
       2
       0
       0
       2
       0
       1
       0
       1
       0
       0
       1
       0
       1
       0
       0
       1
       0
       0
       0
       1
       0
       0
       0
       0
       1
       0
       0
       0
       0
       0
       0
       0
       0
       0
       0
       0
       0
       0
       0
       0
       0
       0
       0
       1
       0
       0
       0
       1
       0
       0
       0
       0
       0
       0
       0
       0
       1
       0
       0
       1
       0
       0
       1
       1
       1
       1
       1
       0
       0
       0
       1
       0
       0
       0
       0
       0
       1
       0
       1
       0
       0
       2
       1
       0
       0
       0
       0
       1
       1
       0
       0
       1
       0
       0
       0
       0
       0
       0
       0
       0
       0
       3
       0
       1
       1
       0
       0
       0
       2
       1
       0
       0
       1
       0
       0
       0
       2
       0
       0
       0
       0
       3
       0
       2
       2
       2
       0
       2
       0
       0
       0
       1
       0
       0
       1
       1
       0
       0
       0
       0
       1
       0
       1
       0
       0
       1
       1
       1
       0
       1
       2
       1
       0
       0
       0
       0
       1
       0
       0
       1
       0
       1
       0
       0
       0
       1
       0
       2
       1
       1
       0
       0
       0
       0
       0
       0
       1
       0
       0
       0
       0
       0
       0
       0
       1
       1
       1
       0
       0
       0
       0
       0
       1
       1
       1
       0
       0
       0
       0
       0
       0
       1
       0
       0
       1
       0
       0
       1
       0
       0
       1
       1
       0
       1
       0
       0
       0
       1
       0
       1
       0
       0
       0
       0
       1
       0
       0
       1
       0
       0
       0
       0
       0
       0
       0
       0
       0
       1
       0
       0
       0
       1
       0
       0
       0
       1
       1
       0
       0
       0
       0
       1
       0
       0
       0
       0
       1
       0
       1
       0
       0
       0
       1
       1
       1
       0
       0
       0
       1
       0
       0
       0
       0
       0
       0
       0
       1
       1
       0
       0
       0
       0
       1
       1
       0
       0
       0
       0
       0
       0
       0
       0
       0
       0
       0
       1
       0
       0
       1
       1
       0
       1
       1
       0
       0
       1
       0
       1
       2
       0
       0
       0
       0
       0
       0
       0
       0
       1
       0
       1
       0
       0
       0
       0
       0
       1
       0
       0
       0
       0
       0
       0
       0
       1
       1
       0
       0
       0
       0
       0
       0
       0
       0
       0
       0
       1
       0
       0
       0
       0
       0
       0
       1
       1
       0
       0
       1
       0
       0
       1
       1
       0
       0
       0
       1
       0
       0
       0
       0
       0
       1
       0
       0
       0
       0
       0
       0
       0
       0
       0
       1
       2
       0
       0
       0
       0
       0
       0
       0
       0
       0
       1
       0
       0
       1
       0
       0
       0
       0
       0
       0
       1
       1
       1
       1
       1
       0
       0
       0
       0
       1
       0
       0
       0
       0
       0
       1
       0
       0
       0
       0
       0
       0
       0
       1
       0
       0
       0
       0
       0
       1
       0
       0
       1
       0
       0
       0
       1
       0
       0
       1
       1
       0
       0
       0
       0
       1
       1
       1
       0
       1
       0
       2
       1
       0
       1
       0
       0
       0
       0
       0
       1
       1
       0
       1
       0
       1
       0
       0
       0
       2
       0
       0
       0
       0
       0
       0
       0
       0
       0
       0
       1
       0
       0
       0
       0
       0
       0
       0
       0
       0
       0
       0
       0
       0
       2
       0
       0
       0
       1
       0
       1
       0
       0
       0
       0
       1
       0
       0
       0
       0
       0
       0
       0
       0
       0
       0
       0
       0
       0
       0
       0
       0
       0
       0
       0
       0
       0
       0
       0
       0
       0
       0
       0
       0
       0
       0
       1
       0
       0
       0
       1
       0
       2
       0
       1
       1
       0
       1
       2
       6
       3
       3
       1
       2
       1
       1
       0
       0
       0
       1
       0
       0
       0
       1
       0
       0
       0
       0
       0
       0
       0
       0
       0
       0
       1
       1
       0
       1
       0
       0
       0
       1
       1
       0
       0
       1
       0
       0
       0
       0
       0
       1
       0
       2
       0
       0
       0
       0
       0
       0
       0
       0
       1
       2
       0
       0
       0
       0
       1
       0
       1
       0
       0
       0
       0
       0
       0
       0
       0
       0
       0
       1
       0
       0
       0
       0
       0
       0
       0
       0
       0
       0
       0
       1
       0
       1
       0
       0
       0
       0
       0
       0
       0
       0
       0
       0
       0
       0
       0
       0
       0
       0
       0
       0
       0
       0
       0
       0
       0
       0
       0
       0
       0
       0
       0
       1
       0
       0
       0
       0
       1
       0
       0
       0
       0
       0
       0
       0
       0
       0
       0
       0
       0
       0
       0
       0
       0
       0
       1
       0
       0
       1
       0
       0
       0
       1
       0
       0
       0
       0
       1
       0
       1
       0
       1
       0
       2
       0
       1
       0
       0
       0
       1
       0
       0
       0
       1
       0
       0
       0
       0
       0
       0
       0
       1
       0
       0
       1
       1
       0
       1
       0
       0
       1
       0
       0
       1
       0
       0
       0
       0
       1
       0
       0
       0
       0
       0
       0
       0
       0
       1
       0
       0
       0
       0
       0
       0
       0
       0
       1
       0
       0
       0
       0
       0
       0
       1
       0
       0
       0
       0
       0
       0
       0
       0
       0
       1
       0
       0
       1
       0
       0
       0
       0
       0
       1
       0
       0
       1
       0
       0
       0
       0
       0
       0
       0
       0
       0
       0
       0
       0
       0
       0
       0
       0
       0
       0
       0
       0
       0
       0
       0
       0
       0
       0
       0
       0
       0
       0
       0
       0
       0
       0
       0
       0
       0
       0
       0
       0
       2
       0
       0
       0
       0
       0
       0
       0
       0
       0
       0
       0
       1
       0
       0
       0
       2
       0
       0
       0
       1
       0
       0
       0
       0
       0
       0
       0
       0
       1
       0
       0
       0
       0
       0
       0
       0
       0
       0
       0
       0
       0
       0
       0
       0
       1
       0
       0
       1
       0
       0
       0
       1
       0
       1
       1
       0
       0
       0
       0
       0
       1
       0
       0
       0
       0
       0
       0
       1
       1
       0
       0
       0
       0
       1
       0
       0
       0
       0
       0
       0
       0
       0
       0
       0
       1
       0
       0
       0
       1
       1
       0
       0
       0
       0
       0
       0
       0
       0
       0
       0
       0
       0
       1
       1
       0
       0
       0
       0
       0
       0
       0
       0
       0
       0
       1
       0
       0
       0
       0
       0
       0
       0
       0
       0
       0
       0
       0
       1
       0
       0
       0
       0
       0
       0
       0
       0
       0
       1
       0
       0
       0
       1
       1
       0
       1
       0
       0
       0
       0
       0
       0
       0
       0
       0
       0
       0
       0
       0
       0
       0
       1
       1
       0
       0
       0
       0
       0
       0
       1
       1
       0
       0
       0
       0
       0
       0
       0
       0
       0
       0
       0
       0
       1
       0
       0
       0
       0
       0
       0
       0
       0
       0
       0
       0
       0
       0
       1
       1
       0
       0
       0
       0
       0
       0
       0
       1
       0
       0
       1
       0
       1
       1
       0
       0
       0
       0
       0
       0
       0
       0
       0
       0
       0
       0
       0
       1
       0
       0
       0
       0
       0
       0
       0
       1
       0
       0
       0
       0
       0
       0
       1
       2
       1
       1
       0
       0
       0
       0
       0
       0
       0
       0
       1
       0
       0
       0
       0
       0
       0
       1
       1
       0
       0
       0
       0
       0
       0
       0
       0
       0
       0
       0
       1
       0
       0
       0
       0
       0
       0
       0
       1
       0
       1
       0
       1
       0
       0
       0
       0
       0
       0
       1
       0
       0
       0
       0
       0
       0
       1
       0
       0
       0
       0
       0
       0
       0
       0
       0
       0
       0
       1
       0
       0
       0
       1
       0
       0
       1
       0
       0
       0
       0
       0
       0
       0
       0
       0
       0
       0
       0
       0
       0
       0
       1
       0
       0
       0
       0
       0
       0
       0
       0
       0
       0
       0
       0
       0
       0
       0
       0
       1
       0
       0
       0
       0
       0
       0
       0
       0
       0
       0
       0
       0
       0
       0
       0
       0
       1
       0
       1
       0
       0
       1
       1
       0
       0
       0
       0
       0
       1
       0
       0
       1
       0
       0
       0
       0
       0
       0
       0
       0
       0
       0
       0
       0
       2
       0
       0
       0
       0
       0
       0
       0
       0
       0
       0
       0
       0
       0
       0
       0
       1
       0
       0
       1
       0
       0
       0
       0
       0
       0
       1
       0
       0
       0
       0
       0
       0
       0
       0
       0
       0
       0
       0
       0
       0
       0
       0
       1
       0
       0
       1
       0
       0
       0
       0
       0
       2
       0
       0
       1
       0
       0
       0
       0
       0
       0
       0
       0
       0
       0
       0
       0
       0
       0
       0
       1
       1
       0
       0
       0
       0
       0
       0
       0
       1
       1
       0
       0
       0
       0
       0
       0
       0
       0
       0
       0
       0
       0
       0
       0
       0
       0
       0
       0
       0
       0
       0
       0
       0
       1
       0
       0
       1
       0
       0
       0
       0
       0
       0
       1
       0
       0
       0
       1
       0
       0
       0
       0
       0
       0
       0
       0
       0
       0
       0
       0
       0
       0
       1
       0
       0
       0
       0
       0
       0
       0
       1
       0
       0
       0
       0
       0
       0
       0
       1
       0
       0
       0
       1
       1
       0
       0
       0
       1
       0
       0
       0
       0
       1
       0
       0
       0
       2
       0
       0
       0
       1
       0
       0
       0
       0
       0
       0
       0
       1
       0
       0
       1
       0
       0
       0
       0
       0
       0
       0
       0
       0
       0
       0
       0
       0
       0
       0
       0
       0
       0
       0
       2
       0
       1
       2
       0
       1
       0
       0
       0
       0
       1
       0
       0
       0
       0
       0
       0
       0
       0
       0
       0
       0
       0
       0
       0
       0
       0
       0
       0
       0
       0
       0
       0
       0
       0
       0
       0
       0
       0
       1
       0
       0
       1
       0
       0
       0
       0
       0
       0
       0
       0
       0
       0
       0
       0
       0
       0
       0
       1
       0
       0
       0
       0
       0
       0
       0
       1
       0
       0
       1
       1
       0
       0
       1
       0
       0
       1
       0
       1
       2
       0
       0
       0
       0
       0
       0
       0
       0
       0
       0
       1
       0
       0
       0
       0
       0
       2
       0
       0
       0
       0
       2
       0
       0
       1
       0
       0
       0
       0
       0
       0
       1
       0
       0
       0
       1
       1
       0
       0
       0
       0
       0
       1
       0
       0
       0
       0
       0
       0
       0
       0
       0
       0
       0
       0
       0
       0
       0
       0
       1
       0
       0
       0
       1
       0
       0
       0
       0
       1
       0
       0
       0
       0
       0
       0
       0
       1
       0
       0
       0
       0
       0
       0
       1
       0
       0
       0
       0
       0
       0
       0
       0
       0
       0
       0
       0
       0
       0
       0
       0
       0
       0
       0
       0
       0
       0
       0
       0
       0
       0
       0
       0
       0
       0
       0
       0
       0
       0
       0
       0
       1
       0
       1
       0
       0
       0
       0
       0
       0
       0
       0
       1
       1
       0
       1
       0
       0
       0
       0
       0
       0
       0
       0
       1
       0
       0
       0
       0
       0
       0
       0
       0
       0
       0
       0
       0
       0
       0
       0
       0
       0
       0
       0
       0
       0
       0
       0
       0
       0
       2
       0
       0
       0
       0
       0
       0
       0
       1
       0
       0
       0
       0
       0
       0
       0
       0
       0
       0
       0
       0
       0
       0
       0
       0
       0
       0
       0
       0
       0
       0
       0
       0
       0
       1
       0
       0
       1
       0
       0
       1
       0
       0
       0
       1
       1
       0
       2
       0
       1
       0
       0
       0
       0
       0
       0
       0
       0
       0
       0
       0
       0
       0
       0
       0
       0
       0
       0
       0
       0
       0
       0
       0
       0
       0
       1
       0
       1
       0
       0
       0
       0
       0
       0
       0
       0
       0
       0
       0
       0
       0
       0
       0
       0
       0
       0
       0
       0
       0
       0
       0
       0
       0
       0
       0
       0
       0
       0
       0
       0
       0
       0
       1
       0
       0
       0
       0
       0
       0
       0
       0
       0
       1
       0
       0
       1
       0
       0
       0
       1
       0
       0
       0
       0
       0
       0
       0
       0
       0
       0
       0
       0
       0
       0
       0
       0
       1
       0
       0
       0
       0
       1
       0
       0
       0
       0
       0
       0
       0
       0
       0
       0
       0
       0
       0
       0
       0
       0
       0
       0
       0
       0
       0
       0
       0
       1
       0
       0
       0
       0
       0
       0
       0
       0
       0
       0
       1
       0
       1
       0
       0
       0
       0
       0
       0
       0
       0
       0
       0
       0
       0
       0
       0
       0
       0
       0
       0
       0
       0
       0
       0
       0
       0
       0
       0
       0
       0
       0
       0
       1
       1
       1
       0
       0
       0
       0
       0
       0
       0
       0
       0
       0
       0
       0
       1
       0
       0
       0
       0
       0
       1
       0
       0
       0
       0
       0
       0
       1
       1
       0
       0
       1
       0
       0
       0
       0
       0
       1
       0
       0
       0
       0
       0
       0
       0
       0
       0
       1
       0
       0
       0
       0
       0
       0
       0
       0
       0
       0
       1
       0
       1
       0
       0
       1
       0
       0
       0
       0
       0
       1
       2
       0
       0
       0
       1
       0
       0
       0
       0
       0
       0
       0
       0
       0
       0
       1
       0
       0
       0
       0
       1
       0
       0
       0
       0
       0
       2
       0
       0
       0
       0
       0
       0
       0
       1
       0
       0
       0
       1
       0
       0
       0
       0
       1
       0
       0
       0
       0
       0
       0
       0
       0
       0
       0
       0
       0
       0
       0
       0
       0
       3
       1
       0
       0
       0
       0
       0
       1
       0
       0
       0
       0
       1
       0
       0
       0
       0
       0
       1
       0
       0
       0
       0
       0
       0
       0
       0
       0
       0
       0
       0
       1
       0
       0
       0
       0
       0
       0
       0
       1
       1
       0
       0
       0
       0
       0
       0
       0
       1
       0
       1
       0
       0
       0
       0
       0
       0
       0
       0
       0
       1
       1
       1
       0
       0
       0
       0
       0
       0
       1
       0
       0
       0
       0
       0
       0
       1
       0
       0
       0
       0
       0
       0
       0
       0
       0
       0
       0
       0
       0
       0
       0
       0
       0
       0
       0
       0
       0
       0
       0
       1
       1
       0
       0
       0
       0
       0
       0
       0
       0
       0
       0
       0
       0
       0
       0
       0
       0
       0
       0
       0
       0
       0
       0
       0
       0
       0
       0
       0
       0
       0
       0
       0
       0
       0
       0
       0
       0
       0
       0
       0
       0
       0
       0
       0
       0
       0
       0
       1
       0
       0
       0
       0
       0
       1
       0
       0
       0
       0
       0
       0
       0
       0
       0
       1
       0
       0
       0
       0
       0
       0
       0
       0
       0
       0
       0
       0
       0
       0
       0
       0
       0
       0
       0
       0
       0
       0
       0
       0
       0
       0
       0
       0
       0
       0
       0
       0
       0
       0
       0
       0
       0
       0
       0
       0
       0
       0
       0
       0
       0
       0
       0
       0
       0
       1
       0
       0
       0
       0
       0
       0
       0
       0
       0
       0
       0
       0
       0
       0
       0
       0
       0
       0
       0
       0
       0
       0
       0
       0
       0
       0
       0
       0
       0
       0
       1
       0
       0
       0
       0
       0
       0
       0
       0
       0
       0
       0
       0
       0
       0
       0
       0
       0
       0
       0
       0
       1
       0
       0
       0
       0
       1
       0
       0
       0
       0
       0
       0
       0
       0
       0
       1
       0
       0
       0
       0
       0
       0
       1
       0
       0
       0
       0
       0
       0
       0
       0
       0
       0
       0
       0
       0
       0
       0
       0
       0
       0
       0
       1
       1
       0
       0
       0
       0
       0
       0
       0
       0
       0
       0
       0
       0
       0
       0
       0
       0
       0
       0
       0
       0
       0
       0
       0
       0
       0
       0
       0
       0
       0
       0
       0
       0
       0
       0
       0
       0
       0
       0
       0
       0
       0
       0
       1
       0
       0
       0
       0
       0
       0
       1
       0
       1
       0
       0
       0
       0
       0
       0
       0
       0
       0
       0
       0
       0
       0
       0
       0
       0
       1
       0
       0
       0
       0
       0
       0
       0
       0
       0
       0
       0
       0
       0
       0
       0
       0
       0
       0
       0
       0
       0
       0
       0
       0
       0
       0
       0
       0
       0
       0
       0
       0
       0
       0
       0
       0
       0
       0
       0
       0
       0
       0
       0
       0
       0
       1
       0
       0
       1
       0
       0
       0
       0
       1
       0
       0
       0
       1
       0
       0
       0
       0
       0
       0
       0
       0
       0
       0
       0
       0
       0
       0
       0
       0
       0
       0
       0
       0
       0
       0
       0
       0
       0
       0
       0
       0
       0
       0
       0
       0
       0
       0
       0
       0
       0
       0
       0
       0
       0
       0
       0
       0
       0
       0
       0
       0
       0
       0
       0
       0
       0
       0
       0
       0
       0
       0
       0
       0
       0
       0
       0
       0
       1
       0
       1
       0
       0
       0
       0
       0
       0
       0
       0
       0
       0
       0
       0
       0
       0
       0
       0
       0
       0
       0
       0
       0
       0
       0
       0
       0
       0
       0
       0
       0
       0
       0
       0
       0
       0
       0
       0
       0
       0
       0
       0
       0
       0
       0
       0
       0
       0
       0
       0
       0
       0
       1
       0
       0
       0
       0
       0
       0
       0
       0
       0
       0
       0
       0
       0
       0
       0
       0
       0
       0
       0
       0
       0
       0
       0
       0
       0
       0
       0
       0
       0
       0
       0
       0
       0
       0
       0
       0
       0
       0
       0
       0
       0
       0
       1
       0
       0
       0
       0
       0
       1
       0
       0
       0
       0
       0
       0
       0
       0
       0
       0
       0
       0
       0
       0
       0
       0
       0
       0
       0
       0
       0
       0
       0
       1
       0
       1
       0
       1
       3
       0
       0
       0
       0
       1
       2
       1
       0
       1
       0
       0
       0
       0
       0
       0
       0
       1
       0
       0
       0
       0
       0
       0
       0
       0
       0
       1
       0
       0
       0
       0
       0
       0
       0
       0
       0
       0
       1
       0
       0
       0
       0
       0
       0
       0
       0
       0
       0
       0
       0
       0
       0
       0
       0
       1
       0
       0
       0
       0
       0
       0
       0
       1
       0
       0
       0
       0
       0
       0
       0
       0
       1
       0
       0
       0
       0
       0
       0
       0
       0
       0
       0
       0
       0
       0
       0
       0
       0
       0
       0
       0
       0
       0
       1
       0
       0
       0
       0
       0
       0
       0
       0
       0
       0
       1
       0
       0
       0
       0
       0
       0
       0
       0
       0
       0
       0
       0
       0
       0
       0
       0
       0
       0
       0
       0
       0
       0
       0
       0
       0
       1
       0
       0
       0
       0
       0
       0
       0
       0
       0
       0
       0
       0
       0
       0
       0
       0
       0
       0
       0
       0
       0
       0
       0
       0
       0
       0
       0
       0
       0
       0
       0
       0
       0
       0
       0
       0
       0
       0
       0
       0
       0
       0
       0
       0
       0
       0
       0
       0
       0
       0
       0
       0
       0
       0
       1
       0
       0
       0
       0
       0
       0
       0
       0
       0
       0
       0
       0
       0
       1
       0
       0
       0
       0
       1
       0
       0
       0
       0
       0
       0
       0
       0
       0
       0
       0
       0
       0
       0
       0
       0
       0
       0
       0
       0
       0
       0
       0
       0
       0
       0
       0
       0
       1
       0
       0
       0
       0
       0
       0
       0
       0
       0
       0
       0
       0
       0
       0
       0
       0
       0
       0
       0
       0
       0
       0
       0
       0
       0
       0
       0
       0
       0
       0
       0
       0
       0
       0
       0
       0
       0
       0
       0
       0
       0
       1
       0
       0
       0
       0
       0
       0
       0
       0
       0
       0
       0
       0
       0
       0
       0
       0
       0
       0
       0
       0
       0
       0
       0
       0
       0
       0
       0
       0
       0
       0
       0
       0
       0
       0
       0
       0
       0
       0
       0
       0
       0
       0
       1
       0
       0
       1
       0
       0
       0
       0
       0
       0
       0
       1
       0
       1
       0
       0
       0
       0
       0
       0
       0
       0
       0
       0
       0
       0
       0
       0
       0
       0
       0
       0
       0
       0
       0
       0
       0
       0
       0
       0
       0
       0
       0
       0
       0
       0
       0
       0
       0
       0
       1
       0
       0
       0
       0
       0
       0
       0
       0
       0
       0
       1
       0
       0
       0
       0
       0
       0
       0
       0
       0
       1
       0
       0
       0
       0
       0
       0
       0
       0
       0
       0
       0
       0
       0
       0
       0
       0
       0
       0
       0
       0
       0
       0
       0
       0
       0
       0
       0
       0
       0
       0
       0
       0
       0
       0
       0
       0
       0
       0
       0
       0
       0
       1
       0
       0
       0
       0
       1
       0
       0
       0
       0
       0
       0
       0
       0
       0
       0
       1
       1
       0
       0
       0
       0
       0
       0
       0
       0
       0
       0
       0
       0
       1
       0
       0
       0
       0
       0
       0
       0
       0
       1
       0
       0
       0
       0
       0
       0
       0
       0
       0
       0
       1
       0
       0
       0
       0
       0
       0
       0
       0
       0
       0
       0
       0
       0
       0
       0
       0
       0
       0
       0
       0
       0
       0
       0
       0
       0
       0
       0
       0
       0
       0
       0
       0
       0
       0
       0
       0
       0
       1
       0
       0
       0
       0
       0
       0
       0
       0
       0
       0
       0
       0
       0
       0
       0
       0
       0
       0
       0
       0
       0
       0
       0
       0
       0
       0
       0
       0
       0
       0
       0
       0
       0
       0
       0
       0
       0
       0
       0
       0
       0
       0
       1
       0
       0
       0
       0
       0
       0
       0
       0
       0
       0
       0
       0
       0
       0
       0
       0
       1
       0
       1
       0
       0
       0
       0
       0
       0
       0
       0
       0
       1
       0
       0
       0
       0
       0
       0
       0
       0
       0
       0
       0
       0
       0
       0
       0
       0
       0
       0
       0
       0
       0
       0
       0
       0
       0
       0
       0
       0
       0
       0
       0
       0
       0
       0
       0
       0
       0
       0
       0
       0
       0
       0
       0
       0
       0
       0
       0
       0
       0
       0
       0
       0
       0
       0
       0
       1
       0
       0
       0
       0
       0
       0
       0
       0
       0
       0
       0
       0
       0
       0
       0
       0
       0
       0
       0
       0
       0
       0
       0
       0
       0
       0
       0
       0
       0
       0
       0
       0
       0
       0
       0
       0
       0
       0
       0
       0
       0
       0
       0
       0
       0
       0
       0
       0
       0
       0
       0
       0
       0
       0
       0
       0
       0
       0
       0
       0
       0
       0
       0
       0
       0
       0
       0
       0
       0
       0
       0
       0
       0
       0
       0
       0
       0
       0
       0
       0
       0
       0
       0
       0
       0
       0
       0
       0
       0
       0
       0
       0
       0
       0
       0
       0
       0
       0
       0
       0
       0
       0
       0
       0
       0
       0
       0
       0
       1
       0
       0
       0
       0
       0
       0
       0
       0
       0
       0
       0
       0
       0
       0
       0
       0
       0
       0
       0
       0
       0
       0
       0
       0
       0
       0
       1
       0
       0
       0
       0
       0
       0
       0
       0
       0
       0
       0
       0
       0
       0
       0
       0
       0
       0
       0
       0
       0
       0
       0
       0
       0
       0
       0
       0
       0
       0
       0
       0
       0
       0
       0
       0
       0
       0
       0
       0
       0
       0
       0
       0
       0
       0
       0
       0
       0
       0
       0
       0
       0
       0
       0
       0
       0
       0
       0
       0
       0
       0
       0
       0
       0
       0
       0
       0
       0
       0
       0
       0
       1
       0
       0
       0
       0
       0
       0
       0
       0
       0
       0
       1
       0
       0
       0
       0
       0
       0
       0
       0
       0
       0
       0
       0
       0
       0
       0
       0
       0
       0
       0
       0
       0
       0
       0
       0
       0
       0
       0
       1
       0
       0
       0
       0
       0
       0
       0
       0
       0
       0
       0
       0
       0
       0
       0
       1
       0
       0
       0
       0
       0
       0
       0
       0
       0
       0
       0
       0
       1
       0
       0
       0
       0
       0
       0
       0
       1
       0
       0
       0
       0
       0
       0
       0
       0
       0
       0
       0
       0
       0
       0
       0
       0
       0
       0
       0
       0
       0
       0
       0
       0
       0
       0
       0
       0
       0
       0
       0
       0
       0
       0
       0
       0
       0
       0
       0
       0
       1
       0
       0
       0
       0
       0
       0
       0
       0
       0
       0
       0
       0
       0
       0
       0
       0
       0
       0
       0
       0
       0
       0
       0
       0
       0
       0
       0
       0
       0
       0
       0
       0
       0
       0
       0
       0
       0
       0
       0
       0
       0
       0
       0
       0
       0
       0
       0
       0
       0
       0
       0
       0
       0
       0
       0
       0
       0
       0
       0
       0
       0
       0
       0
       0
       0
       0
       0
       0
       0
       0
       0
       0
       0
       0
       0
       0
       0
       0
       0
       0
       0
       0
       0
       0
       0
       1
       0
       0
       0
       0
       1
       0
       0
       0
       0
       0
       0
       0
       0
       0
       0
       0
       0
       0
       0
       0
       0
       0
       0
       0
       0
       0
       0
       0
       0
       0
       0
       0
       0
       0
       0
       0
       0
       0
       0
       0
       0
       0
       0
       0
       0
       0
       0
       0
       0
       0
       0
       0
       0
       0
       0
       0
       1
       0
       0
       0
       0
       0
       1
       0
       0
       0
       0
       0
       0
       0
       0
       0
       0
       0
       0
       0
       0
       0
       0
       0
       0
       0
       1
       0
       0
       0
       0
       0
       0
       0
       0
       0
       0
       0
       0
       0
       0
       0
       0
       0
       0
       0
       0
       0
       0
       0
       0
       0
       0
       0
       0
       0
       0
       0
       0
       0
       0
       0
       0
       0
       0
       0
       0
       0
       0
       0
       0
       0
       0
       0
       0
       0
       0
       0
       0
       0
       0
       0
       0
       0
       0
       0
       0
       0
       0
       0
       0
       0
       1
       0
       0
       0
       0
       0
       0
       0
       0
       0
       0
       0
       0
       0
       0
       0
       0
       0
       0
       0
       0
       0
       0
       0
       0
       0
       0
       0
       0
       0
       0
       0
       0
       0
       0
       0
       0
       0
       0
       0
       0
       0
       0
       0
       0
       0
       0
       0
       0
       0
       0
       0
       0
       0
       0
       0
       0
       0
       0
       0
       0
       0
       0
       0
       1
       0
       0
       0
       0
       0
       0
       0
       0
       0
       0
       0
       0
       0
       0
       0
       0
       0
       0
       0
       0
       0
       0
       0
       0
       0
       0
       0
       0
       0
       0
       0
       0
       0
       0
       0
       0
       0
       0
       0
       0
       0
       0
       0
       0
       0
       0
       0
       0
       0
       0
       0
       0
       0
       0
       0
       0
       0
       0
       0
       0
       1
       0
       0
       0
       0
       0
       0
       0
       0
       0
       0
       0
       0
       0
       0
       0
       0
       0
       0
       0
       0
       0
       0
       0
       0
       0
       0
       0
       0
       0
       0
       1
       0
       0
       0
       0
       1
       0
       0
       0
       0
       0
       0
       0
       0
       2
       0
       0
       0
       0
       1
       0
       0
       0
       0
       0
       0
       0
       0
       0
       0
       1
       0
       0
       0
       0
       0
       0
       0
       0
       0
       0
       0
       0
       0
       0
       0
       0
       0
       0
       0
       0
       0
       0
       0
       0
       0
       0
       0
       0
       0
       0
       0
       0
       0
       0
       0
       0
       0
       0
       0
       0
       0
       0
       0
       0
       0
       0
       0
       0
       0
       0
       0
       0
       1
       0
       0
       0
       0
       0
       0
       0
       0
       0
       0
       0
       0
       0
       0
       0
       0
       0
       0
       0
       0
       0
       0
       0
       0
       0
       0
       0
       0
       1
       0
       0
       0
       0
       0
       0
       0
       0
       0
       0
       0
       0
       0
       0
       0
       0
       0
       0
       0
       0
       0
       0
       0
       0
       0
       0
       0
       0
       0
       0
       0
       0
       0
       2
       1
       1
       1
       1
       2
       0
       2
       0
       1
       0
       1
       3
       0
       0
       0
       1
       0
       4
       2
       1
       1
       0
       1
       2
       0
       1
       0
       1
       1
       0
       0
       0
       1
       2
       1
       2
       0
       0
       0
       4
       1
       1
       0
       1
       1
       1
       1
       1
       0
       0
       1
       1
       2
       1
       1
       0
       2
       1
       2
       1
       0
       0
       0
       0
       0
       0
       1
       1
       1
       0
       1
       1
       2
       2
       1
       0
       1
       0
       1
       3
       1
       0
       1
       2
       0
       0
       0
       0
       1
       3
       0
       0
       0
       2
       0
       0
       2
       0
       0
       1
       2
       2
       1
       0
       0
       0
       1
       1
       1
       1
       2
       1
       0
       1
       1
       2
       1
       0
       1
       0
       2
       0
       0
       1
       0
       1
       0
       0
       2
       1
       1
       0
       0
       0
       0
       0
       1
       0
       0
       1
       2
       2
       3
       1
       1
       0
       0
       1
       0
       0
       1
       0
       0
       0
       2
       0
       2
       1
       2
       0
       0
       2
       3
       1
       3
       1
       0
       1
       3
       0
       1
       0
       2
       1
       0
       1
       0
       0
       0
       2
       0
       0
       3
       1
