$SPEC_ID:
No sample description was entered.
$SPEC_REM:
DET# 1
DETDESC# MCB 338
AP# Maestro Version 6.06
$DATE_MEA:
04/15/2019 12:49:12
$MEAS_TIM:
4510 4519
$DATA:
0 8191
       0
       0
       0
       0
       0
       0
       0
       0
       0
       0
       0
       0
       0
       0
       0
       0
       0
       0
       0
       0
       0
       0
       0
       0
       0
       0
       0
       0
       0
       0
       0
       0
       0
       0
       0
       0
       0
       0
       0
       0
       0
       0
       0
       0
       0
       0
       0
       0
       0
       0
       0
       1
       6
      32
     140
     261
     394
     562
     535
     601
     585
     543
     554
     606
     552
     561
     625
     567
     580
     532
     576
     532
     571
     509
     536
     533
     486
     489
     501
     481
     499
     463
     542
     479
     503
     519
     466
     506
     502
     493
     433
     440
     443
     427
     469
     473
     485
     458
     427
     399
     459
     462
     423
     466
     437
     443
     445
     394
     427
     438
     448
     411
     405
     400
     436
     438
     420
     448
     440
     431
     417
     422
     428
     422
     431
     425
     433
     429
     444
     386
     428
     418
     415
     405
     392
     444
     433
     410
     439
     428
     425
     384
     425
     413
     451
     390
     428
     438
     398
     390
     455
     416
     445
     436
     439
     425
     429
     427
     427
     455
     476
     446
     554
     601
     612
     537
     514
     478
     452
     449
     499
     475
     489
     519
     569
     572
     565
     488
     536
     514
     581
     576
     591
     587
     539
     574
     619
     634
     672
     634
     757
     992
    1432
    1245
     857
     702
     927
    1654
    1970
    1402
     729
     640
     637
     654
     713
     579
     531
     628
     653
     617
     549
     526
     534
     644
     734
     842
     736
     622
     606
     562
     622
     744
     994
    1181
     998
     694
     597
     570
     683
     775
     833
     663
     591
     574
     697
    1035
    1425
    1339
     937
     642
     632
     646
     685
     605
     519
     490
     452
     489
     557
     621
     722
     708
     571
     524
     504
     500
     492
     470
     451
     487
     502
     521
     443
     499
     494
     494
     457
     479
     491
     498
     477
     523
     552
     447
     513
     490
     517
     534
     537
     517
     526
     514
     495
     552
     544
     547
     563
     566
     546
     530
     489
     473
     525
     514
     522
     551
     466
     475
     446
     513
     525
     473
     506
     488
     496
     473
     525
     490
     509
     498
     509
     509
     502
     449
     494
     502
     544
     507
     450
     555
     482
     488
     473
     531
     510
     518
     481
     475
     494
     488
     482
     521
     477
     515
     456
     531
     533
     504
     472
     473
     480
     500
     549
     491
     501
     506
     495
     496
     497
     572
     505
     527
     535
     567
     521
     483
     521
     492
     522
     495
     491
     523
     616
     670
     710
     578
     557
     507
     484
     530
     514
     492
     511
     498
     521
     493
     481
     553
     480
     527
     517
     555
     491
     487
     533
     522
     513
     527
     529
     615
     614
     511
     512
     523
     522
     509
     491
     494
     464
     457
     476
     499
     468
     465
     446
     447
     503
     523
     419
     473
     430
     520
     529
     537
     480
     452
     456
     473
     490
     428
     445
     514
     465
     460
     442
     465
     474
     469
     436
     444
     450
     433
     441
     453
     418
     447
     451
     455
     454
     453
     442
     430
     406
     453
     440
     389
     466
     471
     468
     443
     446
     448
     474
     477
     439
     469
     444
     462
     480
     462
     414
     453
     478
     458
     477
     535
     784
    1397
    1882
    1714
    1015
     539
     472
     423
     412
     429
     407
     419
     399
     402
     413
     421
     379
     392
     391
     369
     418
     391
     440
     395
     411
     400
     392
     452
     363
     383
     391
     377
     386
     393
     391
     386
     381
     386
     412
     385
     404
     378
     356
     372
     380
     356
     359
     354
     387
     379
     434
     446
     404
     338
     327
     352
     340
     353
     352
     326
     337
     333
     370
     345
     333
     340
     368
     367
     329
     313
     332
     351
     330
     353
     309
     343
     324
     312
     347
     350
     324
     332
     337
     340
     339
     358
     298
     301
     291
     281
     323
     301
     328
     322
     320
     292
     322
     271
     298
     319
     311
     289
     314
     307
     303
     316
     329
     315
     313
     309
     299
     299
     309
     304
     285
     288
     318
     321
     266
     296
     333
     285
     284
     298
     300
     358
     397
     397
     308
     311
     289
     279
     329
     322
     276
     306
     305
     281
     374
     707
    1306
    1797
    1504
     779
     385
     252
     269
     261
     252
     274
     246
     263
     273
     279
     262
     220
     220
     244
     223
     246
     242
     252
     265
     273
     223
     260
     248
     240
     249
     233
     235
     214
     261
     257
     259
     292
     289
     272
     254
     261
     255
     255
     320
     340
     306
     283
     220
     231
     201
     216
     236
     240
     231
     232
     235
     224
     241
     241
     238
     195
     208
     255
     214
     202
     222
     226
     271
     253
     273
     361
     306
     305
     265
     271
     310
     295
     219
     241
     238
     238
     261
     266
     283
     251
     230
     244
     242
     215
     213
     202
     238
     233
     212
     237
     218
     224
     237
     234
     229
     219
     233
     236
     215
     195
     206
     225
     219
     210
     228
     239
     209
     233
     211
     225
     204
     221
     192
     217
     205
     197
     225
     185
     222
     234
     215
     218
     214
     227
     260
     250
     479
    1100
    2392
    3203
    2680
    1433
     566
     266
     201
     186
     209
     186
     215
     179
     220
     207
     223
     200
     163
     193
     204
     192
     209
     178
     195
     177
     185
     189
     170
     176
     145
     164
     180
     162
     181
     159
     176
     173
     166
     180
     144
     165
     180
     176
     145
     179
     158
     158
     185
     166
     180
     191
     163
     166
     148
     176
     191
     202
     136
     186
     157
     183
     172
     157
     169
     161
     169
     176
     168
     157
     151
     182
     167
     179
     178
     193
     204
     166
     156
     171
     165
     170
     149
     192
     204
     161
     168
     189
     196
     169
     182
     189
     179
     186
     138
     167
     152
     163
     183
     183
     172
     195
     169
     159
     135
     164
     144
     170
     178
     184
     189
     167
     151
     166
     152
     152
     165
     151
     157
     169
     168
     169
     177
     166
     173
     149
     162
     138
     168
     170
     162
     152
     169
     156
     168
     174
     196
     199
     208
     255
     472
    1013
    2387
    4189
    4682
    3516
    1702
     647
     229
     156
     154
     148
     113
     125
     110
     131
     144
     115
     107
     144
     136
     122
     102
     118
     121
     127
     121
     123
     102
     142
     138
     129
     109
     123
     129
     126
     101
     127
     129
     118
     124
     105
     117
     137
     122
     123
      96
     137
     119
     108
     125
     121
     120
     126
     135
     137
     120
     107
     125
     135
     116
     116
     141
     122
     132
     101
      91
     117
     117
     110
     143
     119
     108
     136
     121
     137
     111
     121
     131
     113
     132
     123
     135
     104
     102
     115
     123
     140
     141
     124
     127
     155
     148
     127
     137
     162
     166
     143
     144
     124
      99
      98
     120
     118
     106
     113
     132
     119
      97
     134
     131
     115
     123
     117
     133
     120
     120
     130
      98
     114
     118
     122
     120
     123
     128
     134
     139
     146
     157
     137
     141
     139
     141
     113
     133
     149
     145
     129
     159
     139
     129
     140
     123
     117
     117
     116
     115
     128
     140
     129
     147
     134
     128
     129
     138
     134
     134
     125
     132
     127
     118
     119
     139
     126
     124
     128
     118
     127
     111
     132
     131
     139
     126
     110
     116
     127
     142
     124
     126
     130
     110
     135
     136
     119
     114
     117
     111
     117
     101
     125
     118
     118
     127
     123
     112
     106
      88
     106
     110
     105
      90
     111
      98
      83
      90
     108
     106
      98
     117
     104
      99
     102
      99
      97
     115
     105
      97
      93
      84
      86
     100
      98
      78
     106
      87
      88
      80
      85
      82
     103
      79
      81
     107
      89
      91
     104
     104
      92
      94
      93
      91
      84
     109
      81
      73
      72
      89
      90
      84
      76
      78
      89
      86
      84
      96
      93
      88
      79
     103
     107
      95
      89
      84
      88
      94
     100
      91
      67
      91
      75
      67
      91
     105
      77
      90
      97
      89
      92
     112
      91
      99
      79
      86
      74
      78
      95
      78
      75
      82
      81
      81
      79
      78
      92
      80
     104
      70
      72
      70
      74
      72
      81
      65
      78
      68
      80
      83
      77
      76
      70
      78
      79
      94
      73
      73
      77
      95
      72
      79
      90
      74
      93
     106
     103
      89
      78
      77
      81
      74
      75
      88
      54
      73
      73
      71
      79
      83
      92
      98
     111
     107
      82
      80
      72
      75
      89
      80
      74
      74
      72
      57
      63
      67
      60
      82
      78
      74
      67
      74
      65
      80
      61
      61
      72
      52
      72
      60
      70
      76
      73
      69
      60
      70
      60
      52
      69
      65
      55
      65
      58
      56
      78
      72
      53
      68
      77
      74
      50
      78
      73
      68
      59
      87
      74
      77
      95
      76
      75
      91
     101
      86
      85
      77
      76
      81
      67
      60
      69
      51
      45
      63
      56
      67
      77
      72
      71
      54
      58
      82
      65
      55
      62
      70
      60
      72
      70
      67
      44
      61
      64
      57
      81
      64
      69
      52
      50
      59
      63
      68
      62
      68
      67
      56
      60
      57
      68
      60
      65
      64
      48
      65
      80
      77
      68
      93
      71
      62
      61
      54
      55
      64
      53
      79
      60
      64
      68
      53
      62
      81
      72
      61
      57
      63
      68
      62
      65
      63
      59
      61
      55
      68
      68
      70
      43
      66
      86
      57
      67
      59
      78
      56
      63
      59
      63
      58
      50
      73
      48
      67
      69
      60
      72
      68
      63
      69
      61
      57
      64
      62
      56
      73
      56
      61
      71
      50
      56
      48
      52
      48
      68
      60
      56
      80
      67
      52
      63
      48
      60
      52
      60
      66
      62
      53
      55
      65
      57
      59
      56
      57
      46
      65
      61
      61
      66
      44
      51
      58
      50
      68
      59
      51
      74
      57
      61
      45
      50
      43
      61
      54
      44
      54
      54
      69
      75
      53
      70
      72
      59
      83
      72
      82
      63
      68
      61
      66
      59
      49
      64
      61
      55
      62
      50
      51
      48
      59
      53
      50
      73
      59
      53
      59
      40
      49
      42
      57
      60
      51
      37
      57
      48
      50
      48
      49
      41
      42
      51
      54
      60
      47
      54
      41
      61
      58
      47
      54
      58
      43
      50
      43
      50
      60
      52
      35
      61
      41
      61
      48
      53
      51
      57
      68
      58
      75
      53
      77
     103
     131
     221
     393
     812
    1450
    2115
    2479
    2412
    1730
    1077
     477
     140
      65
      58
      41
      35
      48
      49
      50
      54
      36
      46
      30
      55
      41
      51
      40
      39
      41
      47
      41
      55
      40
      33
      44
      48
      41
      34
      53
      46
      35
      40
      49
      51
      36
      42
      49
      38
      37
      40
      40
      38
      44
      42
      31
      23
      40
      33
      35
      32
      47
      35
      32
      41
      52
      47
      42
      46
      37
      43
      44
      39
      42
      37
      45
      41
      36
      52
      38
      43
      46
      40
      35
      41
      50
      43
      44
      41
      34
      38
      48
      33
      48
      47
      32
      37
      45
      30
      33
      35
      35
      38
      37
      43
      48
      36
      43
      49
      42
      40
      27
      44
      35
      39
      40
      34
      32
      39
      44
      33
      33
      39
      41
      41
      36
      46
      24
      41
      37
      39
      37
      34
      35
      36
      35
      35
      53
      47
      41
      31
      40
      49
      53
      69
     100
     104
      99
     100
      75
      56
      51
      37
      37
      42
      43
      36
      33
      41
      34
      27
      46
      37
      34
      25
      39
      30
      52
      23
      35
      33
      33
      36
      35
      35
      32
      45
      41
      37
      35
      41
      36
      28
      31
      35
      32
      29
      32
      33
      42
      33
      38
      45
      40
      33
      36
      45
      40
      47
      40
      39
      36
      31
      24
      35
      39
      36
      36
      31
      35
      50
      35
      29
      35
      39
      26
      35
      33
      39
      34
      43
      38
      46
      43
      32
      25
      42
      35
      44
      28
      39
      33
      41
      33
      40
      42
      52
      44
      40
      58
      50
      64
      57
      47
      48
      47
      55
      34
      37
      42
      46
      54
      39
      45
      39
      35
      47
      46
      45
      41
      45
      38
      41
      37
      26
      47
      45
      38
      49
      32
      33
      22
      24
      38
      38
      33
      43
      50
      32
      31
      42
      46
      51
      45
      47
      39
      47
      42
      40
      27
      26
      22
      37
      28
      38
      39
      43
      29
      31
      29
      38
      31
      34
      27
      39
      34
      46
      29
      34
      36
      40
      33
      38
      24
      35
      45
      34
      38
      35
      30
      27
      45
      39
      38
      37
      37
      40
      28
      22
      41
      50
      43
      38
      27
      47
      46
      46
      52
      44
      53
      59
      48
      39
      40
      28
      40
      37
      42
      28
      31
      30
      32
      35
      28
      32
      37
      44
      24
      41
      25
      38
      35
      31
      40
      55
      33
      44
      31
      42
      39
      30
      35
      27
      34
      35
      25
      38
      36
      38
      30
      32
      46
      37
      43
      35
      31
      34
      29
      32
      51
      44
      32
      40
      41
      42
      54
      78
      65
      91
     154
     153
     227
     227
     205
     163
     108
      79
      32
      45
      28
      41
      30
      38
      44
      37
      29
      27
      44
      35
      37
      32
      34
      26
      20
      38
      33
      33
      33
      32
      37
      26
      38
      30
      38
      37
      38
      31
      33
      40
      34
      53
      47
      48
      70
      76
      78
      74
      56
      61
      57
      48
      27
      40
      45
      30
      37
      29
      31
      38
      23
      28
      40
      30
      34
      30
      27
      39
      38
      31
      34
      33
      30
      28
      20
      36
      23
      40
      24
      34
      22
      35
      46
      32
      36
      51
      36
      32
      46
      36
      43
      40
      33
      43
      53
      54
      54
      64
      65
      66
      50
      47
      28
      30
      29
      30
      31
      35
      26
      29
      27
      31
      29
      39
      36
      29
      37
      40
      28
      35
      37
      29
      35
      39
      32
      27
      26
      30
      26
      24
      31
      36
      43
      35
      39
      36
      36
      32
      34
      25
      41
      27
      38
      36
      31
      39
      42
      53
      35
      28
      33
      37
      33
      48
      28
      43
      35
      27
      33
      39
      39
      41
      41
      30
      41
      31
      32
      35
      27
      25
      30
      28
      47
      42
      49
      42
      40
      65
      57
      58
      62
      34
      42
      38
      29
      21
      33
      27
      35
      26
      38
      36
      40
      30
      39
      32
      30
      47
      29
      32
      42
      33
      29
      30
      24
      25
      48
      44
      42
      37
      32
      30
      29
      28
      35
      23
      27
      31
      29
      33
      37
      43
      37
      37
      46
      40
      29
      36
      29
      26
      36
      25
      34
      34
      31
      28
      42
      35
      40
      28
      37
      34
      33
      48
      30
      26
      37
      32
      35
      25
      27
      30
      36
      42
      28
      33
      24
      40
      32
      29
      29
      41
      38
      23
      42
      32
      33
      34
      32
      32
      39
      38
      44
      37
      32
      43
      33
      24
      34
      34
      41
      39
      38
      34
      30
      51
      36
      39
      38
      44
      29
      32
      30
      27
      32
      32
      38
      38
      31
      37
      25
      41
      39
      36
      40
      33
      31
      33
      32
      46
      42
      46
      44
      32
      43
      39
      31
      29
      47
      39
      36
      36
      31
      39
      29
      26
      49
      37
      44
      28
      50
      36
      30
      48
      25
      41
      30
      42
      37
      27
      35
      36
      30
      34
      44
      36
      38
      31
      32
      33
      33
      28
      42
      37
      28
      29
      33
      41
      37
      29
      28
      40
      29
      24
      32
      35
      27
      35
      24
      35
      36
      28
      38
      32
      29
      36
      31
      28
      34
      27
      31
      34
      23
      38
      31
      25
      33
      34
      34
      34
      28
      33
      27
      27
      25
      32
      37
      42
      40
      34
      33
      34
      28
      34
      29
      31
      32
      38
      41
      41
      57
      74
      81
     102
     117
     115
      96
      80
      50
      43
      37
      39
      32
      34
      14
      27
      35
      35
      26
      34
      28
      24
      35
      31
      30
      26
      20
      35
      34
      28
      38
      22
      33
      30
      33
      22
      35
      12
      27
      33
      26
      20
      23
      29
      32
      34
      31
      28
      26
      27
      30
      26
      32
      24
      26
      21
      17
      30
      25
      32
      29
      27
      24
      30
      34
      27
      23
      27
      26
      30
      17
      24
      28
      27
      31
      35
      32
      35
      33
      43
      48
      32
      30
      25
      23
      23
      23
      36
      33
      33
      23
      33
      35
      24
      23
      36
      26
      29
      26
      22
      21
      27
      23
      22
      27
      38
      35
      39
      30
      23
      23
      24
      37
      25
      25
      25
      26
      19
      21
      26
      29
      20
      27
      24
      21
      24
      28
      23
      36
      24
      33
      22
      23
      26
      26
      26
      24
      29
      21
      31
      18
      27
      23
      20
      32
      19
      21
      28
      26
      28
      30
      26
      16
      25
      21
      33
      27
      28
      24
      23
      25
      22
      25
      31
      29
      25
      35
      40
      43
      53
      43
      47
      41
      42
      33
      37
      28
      16
      27
      19
      28
      26
      17
      34
      20
      20
      27
      23
      27
      28
      33
      17
      24
      21
      18
      30
      24
      16
      16
      19
      27
      19
      29
      38
      32
      37
      23
      25
      26
      26
      30
      23
      23
      19
      24
      16
      25
      16
      29
      26
      20
      31
      22
      24
      20
      28
      22
      25
      26
      29
      23
      11
      26
      17
      24
      28
      26
      25
      23
      35
      27
      28
      33
      22
      23
      22
      28
      30
      29
      20
      25
      23
      26
      21
      31
      26
      27
      23
      29
      19
      15
      25
      18
      24
      23
      25
      20
      29
      21
      19
      18
      23
      30
      20
      31
      16
      19
      23
      16
      18
      25
      22
      31
      29
      24
      22
      17
      34
      19
      18
      24
      30
      30
      33
      30
      31
      35
      31
      19
      20
      20
      24
      19
      33
      18
      30
      15
      21
      24
      26
      29
      16
      22
      18
      19
      15
      19
      13
      13
      28
      31
      20
      27
      22
      19
      16
      23
      29
      15
      23
      20
      27
      25
      24
      20
      19
      26
      33
      29
      28
      37
      29
      31
      23
      26
      26
      27
      24
      17
      21
      18
      19
      29
      18
      23
      10
      14
      18
      16
      22
      15
      17
      24
      17
      16
      15
      16
      22
      16
      22
      19
      17
      26
      28
      21
      22
      22
      16
      24
      24
      29
      21
      30
      23
      21
      17
      22
      19
      23
      21
      22
      23
      20
      29
      23
      20
      17
      24
      22
      20
      20
      16
      20
      12
      25
      17
      18
      20
      28
      23
      18
      14
      15
      20
      18
      26
      19
      19
      22
      18
      18
      18
      23
      25
      26
      30
      21
      27
      19
      26
      20
      22
      25
      25
      18
      21
      21
      23
      10
      22
      24
      19
      10
      26
      27
      15
      23
      21
      21
      18
      20
      22
      20
      19
      26
      27
      29
      35
      38
      67
      71
     122
     138
     196
     242
     300
     315
     334
     342
     290
     214
     138
      64
      36
      24
      19
      13
      18
      15
      21
      20
      16
      18
      21
      20
      23
      17
      12
      18
      28
      20
      16
      21
      21
      24
      24
      22
      22
      26
      29
      23
      28
      24
      22
      18
      16
      20
      21
      21
      20
      17
      25
      22
      26
      16
      21
      12
      23
      24
      24
      22
      21
      23
      19
      17
      21
      25
      12
      21
      29
      19
      22
      22
      18
      23
      22
      26
      18
      21
      21
      16
      18
      20
      12
      25
      19
      30
      27
      36
      30
      35
      46
      39
      51
      62
      38
      44
      24
      34
      25
      19
      23
      20
      25
      23
      15
      20
      20
      27
      30
      18
      16
      23
      22
      18
      16
      17
      21
      21
       9
      17
      23
      16
      17
      28
      24
      11
      15
      15
      18
      22
      18
      16
      20
      12
      20
      18
      23
      19
      16
      16
      19
      10
      17
      22
      19
      20
      19
      23
      15
      16
      16
      19
      13
      23
      28
      29
      21
      22
      12
      21
      14
      33
      24
      29
      17
      21
      14
      23
      16
      20
      27
      14
      22
      14
      12
      13
      16
      14
      15
      20
      18
      18
      24
      21
      15
      14
       7
      13
      17
      15
      22
      23
       8
      13
      12
      24
      13
      17
      13
      18
      29
      24
      19
      17
      14
      17
      12
      18
      15
      15
      12
      15
      17
      11
      16
      16
      10
      32
      30
      22
      15
      25
      26
      24
      15
      22
      14
      20
      20
      19
      17
      14
       8
      17
      22
      19
      18
       8
      12
      19
      14
      24
      20
      19
      15
      18
      13
      15
      17
      13
      11
      14
      14
      20
      12
      20
      17
      19
      18
      10
      17
      15
      13
      15
      21
      17
      13
      11
      17
      10
      19
      13
      21
      15
      12
      15
      10
      18
      16
      15
      16
      16
      23
       7
      11
      19
      30
      16
      19
      37
      36
      32
      46
      65
      80
     101
      85
     115
     111
     128
     105
      79
      58
      43
      26
      22
      19
      16
      11
      15
      10
      16
      16
      10
      15
      24
      15
      18
      10
      15
      21
      17
      13
      19
      19
      17
      11
      14
      13
      15
      11
      22
      17
      27
      17
      17
      22
      24
      24
      15
      25
      26
      13
      16
      19
      13
      23
      16
      16
      16
      18
      14
      17
      15
      26
      12
      14
      14
      18
      14
      12
      12
       8
      19
      14
      12
      19
      16
       9
       7
      19
      18
       8
      18
      19
       8
      12
      16
      15
      14
      14
      17
      16
      12
      27
      13
      20
      15
      23
      11
      14
      13
      19
      17
      21
      17
      15
      19
      12
      17
      18
      33
      31
      42
      35
      28
      37
      42
      23
      17
      28
      22
      15
      15
      12
      19
      16
      13
      14
       6
      12
      11
      15
      16
      15
      18
      16
      15
      19
      17
      14
      15
      19
       8
      13
      12
      14
      12
      17
      15
      19
      14
      17
      13
      14
      12
      11
      17
      10
       6
      14
      14
      14
      15
      18
      12
       6
      17
      16
      18
      11
      13
      17
      11
      14
      14
      12
       9
      12
      12
      13
      15
      12
      21
      17
      14
      15
      18
      13
       7
      23
      10
      12
       7
      15
      15
      12
      11
      14
      20
      23
      15
      15
       7
      16
      13
      14
       8
      13
      12
      14
       5
      14
      14
       9
      14
      12
      15
       9
      14
      13
      12
      17
      13
      14
      16
       9
      13
      21
      15
       9
      11
      12
      16
      11
      20
      22
      20
      18
      12
      12
      15
      10
      16
      10
      12
      15
      14
      18
      17
       9
      16
      14
      18
      16
      11
      14
      15
      15
      20
      17
       7
      15
      12
      20
      11
      12
      13
      14
      14
      15
      12
      11
       9
      14
      16
      12
      11
      15
      11
       9
      11
      17
      16
       9
       7
      20
      18
       5
      17
      13
      13
      11
      19
       5
      14
      14
      10
      13
      18
      14
      16
      10
      20
      15
      14
      16
      13
      10
      14
       9
      14
      12
      12
      10
      10
      14
      12
       9
      14
      12
      13
      14
      17
       9
       9
      19
      14
      10
      17
       8
       8
       7
      13
      12
      15
      16
      16
      11
      21
      12
      18
      19
      15
      14
      20
      25
      27
      33
      46
      45
      71
      62
      77
      74
      76
      63
      73
      65
      37
      34
      20
      26
      13
      11
      20
      10
      19
      25
      24
      20
      26
      21
      25
      20
      23
      27
      18
      23
       8
      12
      13
      13
      12
      17
       9
      14
      18
       6
      12
      15
      10
      12
       6
      18
      17
      11
      17
      17
      22
       8
      15
      14
      10
      14
      21
      23
      11
      26
      24
      20
      33
      30
      29
      25
      28
      47
      25
      24
      23
      18
      22
      26
      21
      28
      28
      39
      49
      55
      46
      40
      42
      45
      43
      27
      31
      24
      10
      21
      16
       8
      11
       9
      15
      13
      11
      11
      15
      14
      18
      17
       9
      12
      13
      17
      16
      14
       9
      16
      13
      16
      13
      16
      16
      13
      16
      10
      20
      16
      16
      16
      15
      17
      15
      14
       6
      15
      15
      15
      14
       6
      18
      14
      24
      12
      15
      12
      10
      13
      17
       9
       9
      12
      12
      15
       6
      15
      15
      14
      17
      16
       9
      11
      13
      13
      10
       9
      18
      13
      17
      21
      13
       4
      12
       6
      15
      10
      16
      18
      14
      21
      18
      17
      15
      13
      14
      12
      18
      14
      19
      14
       8
       8
      15
      11
      11
      10
      16
      11
      12
      16
      14
      18
       8
       9
      12
      17
      17
      12
      13
      16
      16
      12
      16
      21
      18
      22
      32
      12
      16
      30
      29
      28
      24
      25
      21
      18
      14
       5
      18
      14
      14
      14
      11
      11
      16
      16
      16
       8
      18
      13
      13
      10
      16
      11
      20
      20
      10
      14
      17
       8
      19
      14
      17
      11
      14
      14
      13
      14
      18
      20
      13
      16
      11
      19
      12
       8
      14
      15
      15
      16
      19
      13
      16
      11
      12
       9
      13
      14
      13
      12
      13
      14
      17
      16
      17
      11
      17
      15
      14
      23
      19
      17
      14
      17
      12
      11
      12
      12
      11
      11
      14
      14
      17
      11
      18
      13
      16
      22
      11
      13
      13
      22
      13
      15
      17
      18
      13
      11
      13
      18
      12
      13
      10
      11
      16
      17
      19
       7
      22
      15
      21
      22
      20
      29
      20
      39
      41
      49
      31
      50
      54
      31
      38
      45
      33
      22
      24
      16
      10
      12
      13
      16
      15
      12
      10
      13
      17
      17
      14
      11
      14
      21
      14
      17
      18
      16
      15
      14
       9
      14
       8
      18
      16
      14
      15
      23
      17
      15
      14
      13
      17
      17
      11
      21
      22
      13
      14
      11
       7
       9
      15
      14
      18
      11
      13
      16
      21
      10
      17
      15
      13
      11
      13
      10
      14
      26
      16
      12
      19
      22
      11
      18
      26
      11
      22
      17
      19
      18
      16
      10
      24
      13
      13
      14
       9
      16
      20
      21
      10
      14
      16
      11
       9
      18
      11
      11
      11
      11
       8
       7
      10
      11
      10
      13
      12
      13
      12
      10
      12
       9
      12
       7
       6
       5
      10
       5
      11
      13
      10
      13
      10
      11
       3
       7
      14
      11
       8
       5
      13
      11
      11
       9
       9
       7
      13
      14
       5
      12
       6
       8
       9
       7
      10
      10
       6
      11
       9
       8
       8
       7
      15
      10
      10
       9
       6
       3
       5
      10
       6
       8
      11
       9
      10
       1
      10
       3
      12
       9
      10
      12
      10
       5
      11
      14
      11
      10
      11
       4
      12
      12
      18
      21
      11
      20
      18
      18
      14
      13
      11
      10
      14
       8
      11
       8
       8
       9
       7
      11
      16
       8
      13
      13
      11
       9
      14
      11
       9
       7
      14
      10
      20
      13
      12
      10
      10
       7
       8
      11
      10
      15
       8
      16
      17
      15
      12
       8
      16
       6
      21
      14
      10
      10
      11
      10
       9
      14
      11
       9
       6
       5
       9
       4
       5
       9
       9
      10
       7
       4
      13
       5
      13
      13
       9
       5
       5
      10
       5
       9
       9
      10
       9
       6
       5
       9
      15
       5
       6
       5
       5
       7
       6
       5
      11
       3
      14
       7
       8
       7
       4
       9
       8
       9
       8
       5
       6
      10
      10
       6
       8
       6
       6
       7
       5
      12
      11
      10
       8
       5
       9
       5
      10
       5
       9
       4
       9
       3
       6
       8
       8
       9
       7
       9
       4
       7
       4
       5
       8
       5
       4
       6
       5
       4
       2
       7
       5
      11
      10
       8
       6
       9
       5
       6
       9
       8
       7
       8
       5
       9
       7
      10
       9
       5
       8
       6
       9
       5
       4
       5
       9
       7
       4
       8
      11
       6
       6
       8
       4
      10
      10
       3
       6
       7
       4
       6
       6
       3
       4
       5
       9
       6
       8
      16
      12
      18
      10
      14
      17
      22
      24
      14
      20
      20
      11
      13
       8
       9
       4
       3
       5
       9
       6
       4
       6
       5
       7
       5
       6
       1
       9
       6
      11
       5
       4
      11
       3
       1
       6
       7
       5
       5
       3
       2
       4
       5
       8
       5
       7
       3
       3
       7
       6
       4
       1
       2
       4
       3
      11
       7
       7
       3
       6
      12
       4
       1
      13
      15
       7
       9
       5
       8
       4
       3
       7
       9
       9
       9
       4
       9
       4
       5
      11
       8
       7
       6
       7
       5
       6
       9
      10
       8
       6
       4
       5
       7
       3
       7
       5
       5
       1
       2
       7
       4
       3
       2
       3
       1
       3
      11
       4
      10
       5
       3
       6
       3
       4
       4
       3
       3
       5
       4
       3
       3
       7
       5
       4
       3
       4
       4
       4
       3
       6
       2
       1
       3
       6
       3
       4
       5
       7
       2
       1
       5
       4
       3
       4
       6
       5
       3
       1
       5
       6
       9
       3
       5
       5
       4
       7
       9
       1
       3
       4
       5
       4
       5
       3
       9
       9
       4
      11
       5
      20
      23
      19
      30
      33
      35
      23
      31
      44
      26
      35
      33
      23
      10
      10
       5
       6
       8
       5
       5
       4
       2
       4
       3
       8
       4
       1
       1
       3
       4
       3
       1
       1
       1
       8
       3
       3
       3
       5
       1
       6
       4
       3
       5
       6
       3
       3
       3
       3
       2
       2
       3
       2
       2
       1
       4
       2
       4
       7
       2
       4
       8
       3
       6
       2
       6
       3
       6
       4
       9
       5
      13
       5
       8
       7
      10
       8
       6
      11
      14
      11
      13
      15
      18
      29
      26
      41
      89
      90
     112
     139
     145
     146
     139
     154
     151
     150
     145
     113
      87
      60
      41
      19
       8
       4
       3
       6
       4
       4
       9
       2
       4
       3
       3
       1
       4
       3
       5
       4
       3
       2
       5
       3
       5
       4
       3
       6
       5
       4
       3
       2
       5
       1
       1
       3
       3
       6
       5
       3
       4
       1
       2
       4
       2
       4
       3
       3
       2
       1
       3
       4
       5
       1
       1
       4
       1
       3
       4
       3
       4
       1
       3
       2
       1
       1
       3
       2
       4
       3
       4
       3
       2
       5
       4
       4
       4
       2
       3
       2
       3
       2
       3
       4
       5
       3
       6
       4
       2
       5
       3
       1
       6
       5
       3
       1
       3
       7
       0
       2
       4
       5
       6
       4
       3
       4
       2
       6
       0
       5
       5
       4
       4
       6
       6
       2
       1
       6
       3
       7
       4
       2
       5
       6
       4
       3
       4
       3
       1
       3
       3
       3
       4
       2
       4
       0
       2
       3
       2
       9
       6
       3
       4
       3
       3
       2
       3
       6
       3
       1
       3
       2
       5
       3
       3
       5
       7
       3
       3
       6
       4
       2
       5
       5
       3
       6
       5
       3
       6
       2
       4
       7
       7
       5
       4
       5
       7
      10
      14
      11
       9
       3
       5
       5
       4
       5
       3
       2
       4
       7
      11
      10
      10
      11
      13
      16
      16
      17
      10
      26
      15
      22
      16
      29
      21
      18
      12
      13
       7
       5
       1
       2
       7
       2
       4
       4
       5
       4
       1
       3
       4
       6
       3
       5
       5
       1
       1
       3
       6
       2
       3
       3
       4
       2
       8
       2
       2
       2
       1
       3
       3
       5
       3
       2
       3
       2
       2
       2
       3
       5
       4
       6
       3
       1
       4
       6
       1
       4
       2
       2
       5
       5
       4
       6
       6
       3
       8
       2
       3
       4
       5
       6
       3
       3
       6
       3
       5
       1
       6
       3
       3
       6
       8
       3
       2
       1
       2
       3
       1
       2
       2
       4
       3
       3
       5
       3
       2
       3
       1
       7
       3
       6
       2
       5
       3
       3
       6
       5
       3
       4
       3
       2
       3
       3
       2
       0
       2
       3
       2
       6
       6
       5
      13
       7
       6
       5
       5
       2
       3
       2
       4
       5
       3
       3
       4
       0
       3
       4
       5
       2
       2
       7
       3
       3
       3
       6
       6
       1
       4
       3
       4
       1
       6
       5
       5
       5
       3
       2
       5
       3
       1
       2
       5
       3
       5
       5
       1
       1
       2
       4
       6
       3
       6
       2
       1
       6
       3
       2
       2
       3
       4
       3
       8
       1
       3
       1
       5
       5
       2
       3
       2
       3
       3
       2
       1
       2
       3
       3
       5
       1
       5
       3
       7
       0
       3
       5
       3
       3
       2
       6
       4
       3
       3
       2
       4
       6
       5
       5
       3
       1
       8
       4
       4
       5
       4
       5
       4
       6
       5
       4
       3
       2
       6
       4
       3
       6
       6
       1
       5
       3
       7
       8
       4
       5
       1
       4
       4
       5
       5
       5
       5
       3
       2
       5
       6
       6
       6
       5
       3
       2
       0
       4
       1
       3
       4
       3
       5
       2
       7
       4
       5
       4
       3
       2
       2
       3
       8
       8
       3
       5
       3
       5
       2
       2
       2
       3
       5
       2
       4
       4
       5
       3
       5
       3
       4
       2
       4
       3
       6
       2
       3
       6
       3
       2
       4
       4
       4
       2
       2
       4
       5
       3
       3
       0
       2
       2
       4
       5
       2
       1
       2
       3
       2
       3
       4
       1
       2
       0
       4
       3
       4
       2
       1
       0
       1
       2
       4
       2
       5
       2
       1
       1
       5
       3
       2
       2
       3
       3
       5
       3
       3
       2
       2
       4
       2
       2
       0
       3
       3
       6
       4
       1
       2
       2
       3
       3
       2
       2
       1
       1
       1
       4
       2
       1
       3
       3
       0
       2
       5
       2
       3
       3
       2
       2
       2
       1
       7
       0
       1
       4
       2
       1
       2
       2
       6
       2
       1
       5
       2
       1
       2
       1
       4
       2
       3
       1
       4
       1
       3
       2
       0
       4
       2
       3
       4
       2
       3
       3
       4
       6
       1
       1
       3
       3
       0
       2
       0
       4
       4
       2
       3
       3
       0
       1
       1
       4
       1
       2
       6
       2
       2
       4
       0
       0
       4
       5
       2
       1
       0
       1
       2
       3
       1
       4
       1
       1
       2
       2
       3
       2
       1
       2
       1
       2
       2
       3
       2
       0
       2
       1
       1
       5
       0
       1
       3
       2
       1
       1
       2
       2
       2
       1
       2
       3
       2
       1
       2
       1
       0
       3
       3
       1
       2
       0
       1
       1
       4
       1
       2
       0
       1
       2
       1
       5
       2
       3
       2
       0
       1
       3
       3
       0
       2
       1
       3
       1
       5
       1
       1
       2
       1
       2
       1
       2
       3
       0
       4
       1
       1
       1
       3
       0
       3
       2
       0
       2
       0
       2
       1
       0
       1
       0
       2
       1
       3
       2
       1
       1
       3
       1
       1
       1
       4
       1
       3
       2
       3
       3
       1
       1
       1
       4
       2
       0
       1
       1
       1
       0
       0
       3
       2
       3
       0
       1
       1
       0
       1
       2
       3
       0
       1
       0
       0
       2
       1
       3
       3
       3
       1
       3
       3
       0
       3
       1
       4
       2
       2
       3
       0
       2
       2
       0
       3
       1
       3
       0
       1
       0
       2
       3
       1
       2
       1
       4
       1
       1
       2
       2
       3
       1
       0
       3
       2
       2
       1
       0
       0
       3
       0
       1
       1
       1
       0
       0
       2
       0
       3
       2
       0
       2
       1
       4
       1
       0
       2
       0
       7
       0
       1
       1
       2
       1
       1
       1
       1
       3
       3
       5
       7
       0
       3
       2
       1
       2
       5
       3
       4
       2
       9
       8
       8
       6
      12
       9
       8
      14
      10
       9
       6
       8
       2
       6
       0
       0
       1
       0
       2
       1
       0
       3
       0
       1
       2
       0
       0
       1
       0
       1
       0
       1
       0
       1
       0
       1
       1
       2
       2
       1
       2
       1
       0
       3
       2
       0
       0
       1
       1
       2
       1
       1
       1
       3
       1
       1
       1
       1
       1
       0
       0
       2
       0
       0
       2
       3
       2
       0
       1
       1
       1
       0
       0
       1
       3
       0
       1
       0
       0
       0
       0
       1
       1
       2
       2
       2
       0
       1
       0
       0
       1
       0
       4
       0
       1
       1
       2
       1
       0
       1
       1
       2
       2
       0
       0
       1
       0
       2
       2
       1
       1
       0
       2
       2
       1
       1
       2
       0
       1
       0
       3
       0
       0
       2
       4
       0
       2
       1
       1
       1
       1
       0
       2
       0
       4
       0
       0
       1
       1
       1
       1
       1
       0
       2
       2
       1
       0
       1
       0
       1
       0
       3
       1
       0
       1
       0
       1
       4
       2
       0
       1
       0
       0
       3
       1
       3
       2
       3
       1
       0
       2
       1
       0
       1
       1
       1
       2
       0
       2
       1
       2
       2
       3
       3
       1
       0
       2
       1
       1
       1
       1
       2
       2
       4
       2
       6
       1
       2
       2
       1
       3
       3
       5
       2
       4
       6
       3
       9
      12
      17
      13
      29
      28
      30
      32
      23
      40
      30
      31
      33
      33
      36
      28
      27
      22
      17
       6
       4
       2
       2
       3
       1
       0
       1
       1
       1
       1
       0
       1
       2
       1
       0
       1
       1
       2
       0
       1
       0
       3
       1
       0
       1
       0
       4
       1
       1
       0
       1
       2
       1
       0
       0
       1
       2
       0
       1
       0
       1
       0
       1
       0
       1
       0
       1
       0
       0
       1
       0
       2
       0
       0
       0
       0
       0
       0
       0
       0
       1
       1
       3
       2
       0
       1
       0
       0
       0
       0
       1
       2
       1
       0
       0
       0
       2
       1
       1
       0
       0
       0
       1
       1
       0
       1
       1
       1
       0
       0
       1
       0
       1
       0
       0
       0
       0
       0
       2
       1
       1
       0
       2
       1
       0
       1
       1
       2
       2
       2
       0
       0
       2
       2
       0
       0
       0
       0
       1
       0
       0
       0
       1
       0
       2
       0
       1
       0
       1
       2
       1
       0
       1
       0
       0
       1
       0
       0
       1
       0
       0
       0
       0
       2
       0
       2
       1
       0
       1
       0
       0
       0
       0
       0
       1
       1
       1
       0
       1
       0
       0
       0
       0
       1
       0
       0
       1
       0
       0
       0
       1
       0
       1
       0
       0
       0
       0
       0
       0
       2
       2
       1
       0
       1
       0
       0
       0
       2
       0
       0
       1
       0
       0
       0
       0
       0
       0
       1
       0
       0
       0
       0
       0
       1
       3
       2
       1
       1
       0
       3
       1
       4
       2
       2
       0
       4
       4
       1
       3
       1
       3
       3
       1
       0
       1
       0
       0
       1
       0
       1
       1
       0
       0
       0
       0
       0
       0
       0
       0
       0
       1
       1
       0
       0
       1
       0
       1
       1
       2
       2
       0
       0
       1
       0
       2
       0
       0
       1
       0
       0
       0
       1
       0
       0
       1
       1
       0
       0
       0
       0
       1
       0
       0
       0
       0
       0
       0
       0
       0
       0
       0
       0
       0
       0
       0
       0
       0
       0
       1
       0
       0
       0
       2
       0
       0
       0
       0
       0
       0
       0
       0
       0
       1
       0
       0
       0
       1
       0
       0
       0
       2
       0
       0
       1
       3
       1
       0
       0
       0
       1
       0
       0
       0
       0
       0
       0
       0
       0
       2
       0
       0
       0
       1
       0
       0
       0
       0
       0
       0
       1
       0
       1
       0
       0
       1
       0
       0
       1
       0
       0
       0
       1
       0
       0
       0
       0
       1
       0
       0
       0
       0
       0
       0
       0
       0
       1
       0
       0
       2
       0
       1
       0
       1
       0
       0
       1
       0
       0
       1
       0
       0
       0
       0
       0
       2
       1
       0
       0
       0
       0
       1
       0
       0
       1
       0
       0
       0
       0
       0
       1
       0
       0
       0
       1
       0
       1
       0
       0
       0
       1
       0
       0
       1
       0
       1
       0
       0
       0
       0
       0
       0
       0
       0
       4
       1
       0
       0
       0
       1
       0
       0
       0
       0
       0
       1
       0
       0
       0
       2
       0
       0
       0
       0
       0
       0
       0
       0
       0
       1
       0
       0
       0
       0
       0
       0
       0
       0
       0
       0
       0
       0
       0
       1
       0
       0
       0
       0
       0
       0
       0
       0
       0
       0
       0
       0
       0
       0
       0
       0
       0
       0
       1
       1
       1
       0
       0
       2
       0
       0
       0
       0
       0
       0
       1
       1
       0
       0
       0
       1
       0
       0
       0
       0
       0
       0
       0
       0
       0
       0
       0
       1
       0
       0
       0
       0
       0
       1
       0
       0
       0
       0
       0
       0
       0
       0
       1
       0
       0
       0
       0
       0
       1
       0
       0
       0
       1
       0
       0
       0
       1
       0
       0
       1
       0
       0
       0
       0
       1
       1
       0
       0
       1
       0
       0
       0
       0
       0
       0
       0
       0
       0
       0
       1
       0
       0
       0
       1
       1
       0
       0
       0
       1
       0
       0
       1
       0
       0
       2
       0
       0
       3
       2
       1
       1
       1
       3
       2
       3
       5
       8
       5
       4
       5
      11
       8
       9
      10
      10
       7
       9
      10
      10
      10
       6
       2
       2
       2
       0
       0
       0
       1
       1
       1
       0
       0
       0
       0
       1
       0
       0
       0
       0
       0
       0
       0
       1
       0
       0
       0
       0
       0
       0
       0
       0
       0
       0
       0
       0
       0
       0
       0
       0
       0
       0
       0
       0
       0
       0
       0
       0
       1
       0
       0
       0
       0
       0
       0
       0
       0
       0
       0
       1
       0
       0
       1
       0
       0
       0
       0
       0
       1
       0
       2
       1
       0
       0
       0
       0
       0
       0
       1
       0
       0
       0
       0
       0
       0
       0
       0
       0
       1
       0
       0
       0
       0
       0
       0
       0
       0
       0
       0
       0
       1
       0
       0
       0
       1
       0
       0
       0
       1
       0
       0
       0
       2
       0
       0
       0
       0
       0
       0
       0
       0
       0
       0
       0
       0
       0
       0
       1
       0
       0
       0
       0
       0
       0
       0
       0
       0
       0
       0
       1
       0
       1
       0
       0
       0
       1
       0
       0
       0
       0
       0
       1
       0
       0
       0
       0
       0
       1
       1
       0
       0
       0
       0
       0
       0
       0
       0
       0
       0
       0
       0
       0
       0
       0
       0
       0
       0
       0
       1
       0
       0
       0
       0
       0
       1
       0
       0
       0
       0
       0
       0
       0
       0
       0
       0
       0
       0
       0
       0
       0
       0
       0
       0
       0
       0
       0
       0
       0
       0
       0
       0
       0
       0
       0
       0
       0
       0
       0
       0
       0
       0
       0
       0
       0
       0
       0
       0
       0
       0
       0
       0
       0
       0
       0
       0
       0
       0
       0
       3
       0
       0
       0
       0
       0
       0
       1
       0
       0
       1
       0
       0
       0
       0
       0
       0
       0
       0
       0
       0
       0
       0
       0
       0
       0
       0
       1
       1
       0
       0
       0
       0
       0
       0
       1
       0
       1
       0
       0
       0
       0
       0
       0
       0
       0
       0
       0
       0
       0
       0
       0
       0
       0
       0
       0
       0
       1
       0
       0
       0
       0
       0
       0
       0
       0
       0
       0
       0
       0
       0
       0
       0
       0
       0
       0
       0
       0
       0
       0
       0
       0
       0
       0
       0
       0
       0
       0
       0
       0
       0
       0
       0
       0
       0
       0
       0
       0
       0
       0
       0
       0
       0
       0
       1
       0
       0
       0
       0
       0
       0
       0
       0
       0
       0
       0
       0
       0
       0
       0
       0
       0
       0
       0
       0
       0
       0
       0
       0
       0
       0
       0
       0
       0
       0
       0
       0
       0
       0
       0
       0
       0
       0
       0
       0
       0
       0
       0
       0
       0
       0
       0
       0
       0
       0
       0
       0
       0
       0
       1
       0
       1
       0
       0
       0
       2
       0
       0
       1
       0
       1
       1
       1
       1
       0
       2
       0
       1
       0
       0
       0
       0
       0
       0
       0
       0
       0
       0
       0
       0
       0
       0
       0
       0
       0
       0
       0
       0
       0
       0
       0
       0
       0
       0
       0
       0
       0
       0
       0
       0
       0
       0
       0
       0
       0
       0
       0
       0
       0
       0
       0
       0
       0
       0
       1
       0
       0
       0
       0
       0
       1
       0
       0
       0
       0
       0
       0
       0
       0
       0
       0
       0
       0
       0
       0
       0
       0
       1
       0
       0
       0
       0
       0
       0
       0
       0
       0
       0
       0
       0
       1
       0
       0
       0
       0
       0
       0
       0
       0
       1
       0
       1
       1
       0
       0
       0
       0
       0
       0
       0
       0
       0
       0
       0
       0
       0
       0
       0
       0
       0
       0
       1
       0
       0
       0
       0
       0
       0
       1
       0
       0
       0
       0
       0
       0
       0
       0
       0
       0
       0
       0
       0
       0
       0
       0
       0
       0
       0
       0
       0
       0
       0
       1
       0
       0
       0
       0
       0
       0
       0
       0
       1
       0
       0
       0
       0
       0
       0
       0
       0
       0
       0
       0
       0
       0
       0
       0
       0
       1
       0
       0
       0
       0
       0
       0
       0
       0
       0
       0
       0
       0
       0
       0
       0
       0
       1
       0
       0
       0
       2
       0
       0
       0
       0
       0
       0
       1
       0
       0
       1
       0
       0
       0
       0
       0
       0
       0
       0
       0
       0
       0
       0
       0
       0
       0
       0
       0
       0
       0
       0
       0
       0
       0
       0
       1
       0
       0
       0
       0
       0
       1
       0
       0
       0
       0
       0
       0
       0
       0
       0
       0
       0
       0
       0
       0
       0
       0
       0
       0
       0
       0
       0
       0
       0
       0
       0
       0
       1
       0
       0
       0
       0
       0
       0
       0
       0
       2
       0
       0
       0
       0
       0
       0
       0
       0
       0
       0
       0
       0
       0
       0
       0
       0
       0
       0
       0
       0
       0
       0
       0
       0
       0
       0
       0
       0
       0
       0
       0
       0
       0
       0
       0
       0
       0
       0
       0
       0
       0
       0
       0
       0
       0
       0
       0
       0
       0
       0
       0
       0
       0
       0
       0
       0
       0
       0
       0
       0
       0
       0
       0
       1
       0
       1
       0
       0
       0
       0
       0
       0
       0
       0
       0
       0
       1
       0
       0
       0
       0
       0
       0
       0
       0
       0
       0
       0
       0
       0
       0
       0
       0
       0
       0
       0
       0
       0
       0
       0
       2
       0
       1
       0
       0
       0
       0
       0
       0
       0
       0
       1
       1
       0
       0
       0
       1
       0
       0
       0
       0
       0
       0
       0
       0
       0
       0
       0
       0
       0
       0
       0
       0
       0
       0
       0
       0
       0
       0
       0
       0
       0
       0
       0
       0
       0
       0
       1
       0
       0
       0
       0
       1
       0
       0
       1
       0
       0
       0
       0
       0
       0
       0
       0
       1
       0
       0
       0
       0
       0
       0
       0
       0
       0
       0
       0
       0
       0
       0
       0
       0
       0
       0
       0
       0
       0
       0
       0
       0
       0
       0
       0
       0
       0
       0
       0
       0
       0
       0
       0
       0
       0
       0
       0
       0
       0
       0
       0
       0
       0
       0
       0
       0
       0
       0
       0
       0
       0
       0
       0
       0
       0
       0
       0
       1
       0
       0
       0
       0
       0
       0
       0
       0
       0
       0
       0
       0
       0
       0
       0
       0
       0
       0
       0
       0
       0
       0
       0
       0
       0
       0
       0
       0
       0
       0
       0
       0
       0
       0
       0
       0
       0
       0
       1
       0
       0
       0
       0
       0
       0
       0
       0
       0
       0
       0
       0
       0
       0
       0
       0
       0
       0
       0
       0
       0
       0
       0
       0
       0
       0
       0
       0
       0
       0
       0
       0
       0
       0
       0
       0
       0
       0
       0
       0
       0
       0
       0
       0
       1
       0
       0
       0
       0
       0
       0
       0
       0
       0
       0
       0
       0
       0
       1
       0
       0
       0
       0
       0
       0
       0
       0
       0
       0
       0
       0
       0
       0
       0
       0
       0
       0
       1
       0
       0
       0
       0
       0
       0
       0
       0
       0
       0
       0
       0
       0
       0
       1
       0
       0
       0
       0
       0
       0
       0
       0
       0
       0
       0
       0
       0
       0
       0
       0
       0
       0
       0
       0
       0
       0
       0
       0
       0
       0
       2
       0
       0
       2
       0
       0
       0
       0
       0
       0
       0
       0
       0
       0
       0
       0
       0
       0
       0
       0
       0
       0
       0
       0
       0
       0
       0
       0
       0
       0
       0
       0
       0
       0
       0
       1
       1
       0
       0
       0
       0
       0
       0
       0
       1
       0
       0
       0
       0
       0
       0
       0
       0
       0
       0
       0
       0
       1
       0
       0
       0
       0
       0
       0
       0
       0
       0
       0
       1
       0
       0
       0
       0
       0
       0
       0
       0
       0
       0
       0
       0
       0
       0
       1
       0
       0
       0
       0
       1
       0
       0
       0
       0
       0
       0
       0
       0
       0
       0
       1
       0
       0
       0
       0
       0
       0
       0
       0
       0
       0
       0
       0
       0
       0
       0
       0
       0
       0
       0
       0
       0
       0
       0
       0
       0
       1
       0
       1
       0
       0
       0
       0
       0
       0
       0
       0
       0
       0
       0
       0
       0
       0
       0
       0
       0
       0
       0
       0
       0
       0
       0
       0
       0
       0
       0
       0
       0
       1
       0
       0
       0
       0
       0
       0
       0
       0
       0
       0
       0
       0
       0
       0
       0
       0
       0
       0
       0
       0
       0
       0
       1
       0
       0
       0
       1
       0
       0
       0
       0
       0
       0
       0
       0
       0
       0
       0
       0
       0
       0
       0
       0
       0
       0
       0
       2
       0
       0
       0
       0
       0
       0
       0
       0
       0
       0
       0
       0
       0
       0
       0
       0
       0
       0
       0
       0
       0
       0
       0
       0
       0
       0
       0
       0
       0
       1
       0
       0
       0
       0
       1
       0
       0
       0
       0
       0
       0
       0
       0
       0
       0
       0
       0
       1
       0
       0
       0
       0
       0
       0
       0
       0
       0
       0
       0
       0
       0
       0
       0
       0
       0
       0
       0
       0
       0
       0
       0
       0
       0
       0
       0
       0
       0
       0
       0
       0
       0
       0
       0
       0
       0
       0
       0
       0
       0
       0
       0
       0
       0
       0
       0
       0
       0
       0
       0
       0
       0
       0
       0
       0
       0
       1
       0
       0
       0
       0
       1
       0
       0
       0
       0
       0
       1
       0
       0
       1
       0
       0
       0
       0
       0
       0
       0
       0
       0
       0
       0
       0
       0
       0
       0
       0
       0
       0
       0
       0
       0
       0
       0
       0
       1
       0
       0
       0
       0
       0
       0
       0
       0
       0
       0
       0
       0
       0
       0
       0
       0
       0
       0
       0
       0
       0
       0
       0
       0
       0
       0
       0
       0
       1
       0
       0
       0
       0
       0
       0
       0
       1
       0
       0
       0
       1
       0
       0
       0
       0
       0
       0
       0
       0
       0
       0
       0
       0
       0
       0
       0
       0
       0
       0
       0
       0
       0
       0
       0
       0
       0
       0
       0
       0
       0
       0
       0
       0
       1
       0
       0
       0
       0
       0
       0
       0
       0
       0
       0
       0
       0
       0
       0
       1
       0
       0
       0
       0
       0
       0
       0
       0
       0
       0
       0
       0
       0
       0
       0
       0
       0
       0
       0
       0
       0
       0
       0
       0
       0
       0
       0
       0
       0
       0
       0
       0
       0
       0
       0
       0
       0
       0
       0
       0
       0
       1
       0
       0
       0
       0
       0
       0
       0
       0
       0
       0
       0
       0
       0
       0
       1
       0
       0
       0
       0
       0
       0
       0
       0
       0
       0
       1
       0
       0
       0
       0
       0
       0
       0
       0
       0
       0
       0
       1
       0
       0
       0
       0
       0
       0
       0
       0
       0
       0
       0
       0
       0
       0
       0
       0
       0
       0
       0
       0
       0
       0
       0
       0
       0
       0
       0
       0
       0
       0
       0
       1
       0
       0
       0
       0
       0
       0
       0
       0
       0
       0
       0
       0
       1
       0
       0
       0
       0
       0
       0
       0
       0
       0
       0
       0
       0
       0
       0
       0
       0
       0
       0
       0
       0
       0
       0
       0
       0
       0
       0
       0
       0
       0
       0
       0
       0
       0
       0
       0
       0
       0
       0
       0
       1
       0
       0
       0
       0
       0
       0
       0
       0
       0
       0
       0
       0
       0
       0
       0
       0
       0
       0
       0
       0
       0
       0
       0
       0
       0
       0
       0
       0
       0
       0
       0
       0
       0
       0
       0
       0
       0
       0
       0
       0
       0
       0
       0
       0
       0
       0
       0
       0
       0
       0
       0
       0
       0
       0
       0
       0
       0
       0
       0
       0
       0
       0
       0
       0
       1
       0
       0
       0
       0
       0
       0
       0
       0
       0
       0
       0
       1
       0
       0
       0
       0
       0
       1
       0
       0
       0
       0
       0
       0
       0
       0
       1
       0
       0
       0
       0
       0
       0
       0
       0
       0
       0
       0
       0
       0
       0
       0
       0
       0
       0
       0
       0
       0
       0
       0
       0
       0
       0
       0
       0
       0
       0
       0
       0
       0
       0
       0
       0
       0
       0
       0
       0
       0
       0
       0
       0
       0
       0
       0
       0
       0
       0
       0
       0
       0
       0
       0
       0
       0
       0
       0
       0
       0
       0
       0
       0
       0
       0
       0
       0
       0
       0
       0
       0
       0
       0
       0
       0
       0
       0
       0
       0
       0
       0
       0
       0
       0
       0
       1
       0
       0
       0
       0
       0
       0
       0
       0
       0
       0
       0
       0
       0
       0
       0
       0
       0
       0
       0
       0
       0
       0
       0
       0
       0
       0
       1
       0
       0
       0
       0
       0
       0
       0
       0
       0
       0
       0
       0
       0
       0
       0
       0
       0
       0
       0
       0
       1
       0
       0
       0
       0
       0
       0
       0
       0
       0
       0
       0
       0
       0
       0
       0
       0
       0
       0
       0
       0
       0
       2
       1
       0
       1
       0
       0
       0
       0
       0
       1
       1
       0
       0
       1
       1
       2
       0
       0
       2
       0
       1
       2
       0
       1
       0
       0
       3
       0
       1
       0
       1
       1
       1
       2
       1
       0
       0
       0
       1
       0
       2
       1
       1
       0
       0
       0
       3
       0
       0
       0
       0
       1
       0
       1
       1
       1
       0
       2
       1
       1
       0
       0
       1
       1
       2
       1
       1
       1
       1
       1
       0
       2
       1
       0
       0
       0
       1
       0
       0
       0
       3
       1
       0
       1
       3
       0
       0
       1
       1
       1
       1
       0
       1
       0
       0
       1
       0
       0
       2
       0
       1
       0
       1
       0
       1
       0
       2
       2
       0
       0
       0
       0
       0
       2
       0
       0
       1
       1
       1
       2
       1
       0
       0
       0
       0
       2
       1
       1
       0
       1
       2
       0
       1
       0
       0
       0
       1
       1
       1
       1
       1
       0
       0
       1
       2
       0
       0
       1
       0
       2
       2
       1
       0
       0
       0
       1
       1
       0
       0
       1
       1
       1
       0
       0
       1
       2
       1
       0
       0
       1
       0
       0
       2
       1
       2
       1
       1
       1
       0
       0
       0
       1
       1
       0
$ROI:
0
$PRESETS:
None
0
0
$ENER_FIT:
0.000000 0.374432
$MCA_CAL:
3
0.000000E+000 3.744323E-001 0.000000E+000 keV
$SHAPE_CAL:
3
6.617742E+000 0.000000E+000 0.000000E+000
