$SPEC_ID:
No sample description was entered.
$SPEC_REM:
DET# 1
DETDESC# PRAK01 Easy-MCA-2k SN 15071856
AP# Maestro Version 7.01
$DATE_MEA:
02/11/2002 22:54:59
$MEAS_TIM:
30 30
$DATA:
0 511
       0
       0
       0
       0
       0
       0
       0
       0
       0
       0
       0
       0
       0
       0
       0
       0
       0
       0
       1
      64
      67
      72
      84
      79
      80
      74
      93
      98
      86
      98
      79
      91
      83
      89
      95
     107
      92
     116
     100
     119
      97
      96
     108
     114
     104
     116
     104
      98
     114
      95
      95
     100
      92
      91
      85
      95
      95
      94
      86
      97
      74
      84
     105
      95
      89
      86
      91
     100
      74
      94
      89
     103
      93
     105
      92
      95
     104
      85
      76
      92
      97
      92
      88
      84
      96
      73
      70
      58
      53
      48
      35
      44
      42
      32
      41
      29
      38
      26
      41
      35
      28
      29
      35
      34
      41
      48
      51
      65
      70
      77
      99
     118
     141
     183
     207
     281
     354
     390
     492
     497
     565
     535
     526
     431
     346
     272
     183
     104
      61
      37
      19
      12
       7
       5
       4
       0
       0
       2
       0
       0
       0
       0
       0
       2
       1
       0
       4
       0
       3
       1
       1
       2
       1
       1
       0
       0
       2
       1
       1
       2
       2
       0
       1
       0
       0
       3
       1
       2
       0
       0
       0
       2
       0
       0
       0
       0
       0
       2
       3
       1
       3
       1
       0
       2
       0
       0
       0
       0
       0
       0
       0
       0
       0
       0
       0
       0
       0
       0
       0
       0
       0
       1
       0
       0
       0
       1
       0
       0
       0
       0
       1
       0
       1
       0
       0
       0
       1
       0
       0
       0
       1
       0
       0
       0
       1
       0
       0
       0
       0
       0
       0
       0
       0
       0
       0
       0
       0
       1
       0
       0
       1
       1
       0
       0
       0
       0
       0
       1
       2
       0
       1
       0
       0
       2
       1
       0
       1
       1
       0
       0
       0
       1
       0
       1
       0
       0
       0
       0
       1
       0
       0
       0
       0
       0
       0
       0
       0
       0
       0
       0
       0
       0
       0
       0
       0
       0
       0
       0
       0
       0
       0
       0
       0
       0
       1
       0
       0
       0
       0
       0
       0
       0
       0
       0
       0
       0
       0
       0
       0
       0
       0
       0
       0
       0
       0
       0
       0
       0
       0
       0
       0
       0
       0
       1
       0
       0
       0
       0
       0
       0
       0
       0
       0
       0
       0
       0
       0
       0
       0
       0
       0
       0
       0
       0
       0
       1
       0
       0
       0
       0
       0
       0
       0
       0
       0
       0
       0
       0
       0
       0
       0
       0
       1
       1
       0
       0
       0
       0
       0
       0
       0
       0
       0
       0
       0
       1
       0
       0
       0
       1
       0
       1
       0
       0
       0
       0
       0
       0
       0
       0
       0
       0
       0
       0
       0
       0
       1
       0
       0
       0
       0
       0
       0
       0
       0
       0
       0
       0
       0
       0
       0
       0
       0
       0
       0
       0
       0
       0
       0
       0
       0
       0
       0
       0
       0
       0
       0
       0
       0
       0
       0
       0
       0
       0
       0
       0
       0
       0
       0
       0
       0
       0
       0
       0
       0
       0
       0
       0
       0
       0
       0
       0
       0
       0
       0
       0
       0
       0
       0
       0
       0
       0
       0
       0
       0
       0
       0
       0
       0
       0
       0
       0
       0
       0
       0
       0
       0
       0
       0
       0
       0
       0
       0
       0
       0
       0
       0
       0
       0
       0
       0
       0
       0
       0
       0
       0
       0
       0
       0
       0
       0
       0
       0
       0
       0
       0
       0
       0
       0
       0
       0
       0
$ROI:
1
110 127
$PRESETS:
Live Time
30
0
$ENER_FIT:
0.000000 0.000000
$MCA_CAL:
3
0.000000E+000 0.000000E+000 0.000000E+000 
$SHAPE_CAL:
3
0.000000E+000 0.000000E+000 0.000000E+000
