$SPEC_ID:
No sample description was entered.
$SPEC_REM:
DET# 1
DETDESC# PRAK01 Easy-MCA-2k SN 15071856
AP# Maestro Version 7.01
$DATE_MEA:
02/11/2002 22:44:05
$MEAS_TIM:
30 30
$DATA:
0 511
       0
       0
       0
       0
       0
       0
       0
       0
       0
       0
       0
       0
       0
       0
       1
       0
       0
       0
       7
      69
      71
      62
      76
      75
      96
      64
      89
      80
      88
      78
      74
      75
      81
      96
     110
      87
      94
      93
     103
      93
     109
     107
     103
     102
      87
     107
     101
     103
      90
      89
      96
      85
      88
      91
      93
      89
      96
      70
      81
      80
      80
      75
      88
      70
      79
     101
      81
      81
      72
      77
      72
      75
      84
      86
      76
      65
      75
      93
      79
      86
      81
      98
      73
      70
     103
      85
      90
      62
      58
      72
      65
      55
      50
      57
      40
      34
      37
      33
      32
      30
      31
      35
      29
      26
      27
      42
      34
      32
      36
      25
      32
      45
      41
      54
      68
      91
     133
     199
     246
     354
     419
     518
     553
     593
     578
     568
     513
     394
     279
     200
     146
      75
      55
      17
       9
       9
       2
       1
       1
       2
       2
       1
       1
       2
       1
       4
       1
       0
       0
       1
       1
       1
       0
       1
       1
       2
       0
       0
       1
       1
       1
       0
       1
       2
       1
       1
       0
       2
       1
       0
       0
       1
       0
       0
       2
       0
       1
       1
       0
       1
       1
       0
       2
       0
       2
       0
       1
       1
       1
       0
       0
       2
       0
       2
       2
       0
       0
       1
       0
       0
       2
       0
       1
       1
       1
       1
       0
       0
       0
       0
       1
       0
       1
       0
       1
       0
       0
       0
       1
       0
       1
       0
       0
       1
       0
       0
       0
       0
       0
       0
       0
       0
       0
       0
       1
       0
       0
       0
       1
       0
       0
       0
       0
       0
       0
       0
       0
       0
       0
       1
       0
       0
       0
       0
       0
       0
       0
       0
       0
       1
       0
       1
       0
       1
       0
       0
       0
       0
       1
       1
       0
       0
       0
       0
       1
       0
       1
       0
       0
       0
       0
       0
       0
       0
       0
       0
       0
       0
       0
       0
       0
       0
       0
       0
       0
       0
       0
       0
       0
       0
       0
       0
       0
       0
       0
       0
       0
       0
       0
       0
       0
       1
       0
       0
       0
       0
       0
       0
       0
       0
       0
       0
       0
       0
       0
       0
       0
       0
       1
       0
       0
       0
       0
       0
       1
       0
       0
       0
       1
       0
       0
       1
       0
       0
       0
       0
       0
       0
       0
       0
       0
       0
       0
       0
       0
       0
       0
       0
       0
       0
       0
       0
       0
       0
       0
       0
       0
       0
       0
       0
       0
       0
       0
       0
       0
       0
       0
       0
       0
       0
       1
       0
       0
       0
       0
       0
       0
       0
       0
       0
       1
       0
       0
       0
       0
       0
       0
       0
       0
       0
       0
       0
       0
       0
       0
       0
       0
       0
       0
       0
       0
       0
       0
       0
       1
       0
       0
       0
       0
       0
       0
       0
       0
       0
       0
       0
       0
       0
       0
       0
       0
       0
       0
       0
       0
       0
       0
       0
       0
       1
       0
       0
       0
       0
       0
       0
       0
       0
       0
       0
       0
       0
       0
       0
       0
       0
       0
       0
       0
       0
       0
       0
       0
       0
       0
       0
       0
       0
       0
       0
       0
       0
       0
       0
       0
       1
       0
       0
       0
       0
       0
       0
       0
       0
       0
       0
       0
       0
       0
       0
       0
       0
       0
       0
       0
       0
       0
       0
       0
       0
       0
       0
       0
       0
       0
       0
       0
       0
       0
       0
       0
       0
$ROI:
1
107 124
$PRESETS:
Live Time
30
0
$ENER_FIT:
0.000000 0.000000
$MCA_CAL:
3
0.000000E+000 0.000000E+000 0.000000E+000 
$SHAPE_CAL:
3
0.000000E+000 0.000000E+000 0.000000E+000
