$SPEC_ID:
No sample description was entered.
$SPEC_REM:
DET# 1
DETDESC# PRAK01 Easy-MCA-2k SN 15071856
AP# Maestro Version 7.01
$DATE_MEA:
02/11/2002 22:49:14
$MEAS_TIM:
30 30
$DATA:
0 511
       0
       0
       0
       0
       0
       0
       0
       0
       0
       0
       0
       0
       0
       0
       0
       0
       0
       0
       1
      55
      71
      64
      62
      81
      76
      79
      96
      78
      86
      85
      80
      98
      95
      98
     106
      91
     100
      97
     114
     116
     111
     107
     120
     107
     125
      99
     107
     105
      96
     101
      94
     103
      85
      87
     104
      89
      94
      92
      80
      68
      75
      82
      79
      80
      73
      97
      79
      93
      80
      86
      98
      86
      96
      78
      88
      91
      90
      84
      71
      86
      94
      76
      89
      80
      80
      82
      78
      82
      65
      61
      60
      58
      31
      45
      36
      24
      23
      30
      37
      24
      33
      44
      35
      25
      30
      37
      28
      28
      37
      39
      39
      49
      45
      81
      92
     137
     224
     288
     354
     456
     501
     625
     617
     609
     542
     465
     374
     262
     162
     102
      51
      44
       9
       7
       5
       1
       0
       2
       0
       0
       2
       1
       1
       0
       1
       1
       3
       1
       1
       1
       1
       0
       2
       3
       0
       0
       0
       2
       1
       1
       0
       1
       0
       0
       1
       2
       1
       0
       2
       0
       1
       1
       1
       1
       1
       0
       0
       0
       0
       0
       0
       3
       0
       0
       1
       0
       0
       0
       1
       0
       0
       1
       1
       1
       1
       0
       1
       0
       0
       1
       0
       1
       0
       0
       0
       1
       0
       0
       1
       1
       0
       0
       0
       1
       1
       0
       0
       0
       1
       0
       1
       0
       0
       1
       0
       0
       0
       0
       2
       0
       0
       0
       0
       0
       0
       0
       0
       1
       0
       0
       0
       0
       2
       0
       0
       0
       0
       1
       0
       1
       0
       0
       2
       1
       0
       0
       2
       0
       0
       0
       1
       0
       0
       0
       1
       0
       0
       0
       0
       0
       1
       0
       0
       0
       0
       0
       0
       0
       0
       0
       0
       0
       1
       0
       0
       0
       0
       0
       0
       0
       0
       0
       0
       0
       0
       0
       0
       1
       0
       0
       0
       1
       0
       0
       0
       0
       0
       0
       0
       0
       0
       0
       0
       0
       0
       0
       0
       0
       0
       0
       0
       0
       0
       0
       0
       0
       0
       0
       0
       0
       0
       0
       0
       0
       1
       1
       0
       0
       0
       0
       0
       0
       0
       0
       0
       0
       0
       1
       0
       0
       0
       0
       0
       0
       0
       0
       0
       0
       0
       0
       0
       0
       0
       0
       0
       0
       0
       0
       0
       0
       0
       0
       0
       0
       0
       0
       0
       0
       0
       0
       0
       0
       0
       0
       1
       0
       0
       0
       0
       0
       0
       0
       0
       0
       0
       0
       0
       0
       0
       0
       0
       0
       0
       0
       0
       0
       0
       0
       0
       0
       0
       0
       0
       0
       0
       0
       0
       0
       0
       0
       0
       0
       0
       0
       0
       0
       0
       0
       0
       0
       0
       0
       0
       0
       0
       0
       0
       0
       0
       0
       0
       0
       0
       0
       0
       0
       0
       0
       0
       0
       0
       0
       0
       0
       0
       0
       0
       0
       0
       0
       0
       0
       0
       0
       0
       0
       0
       0
       0
       0
       0
       0
       0
       0
       0
       0
       0
       0
       0
       0
       0
       0
       0
       0
       0
       0
       0
       0
       0
       0
       0
       0
       0
       0
       0
       0
       0
       0
       0
       0
       0
       0
       0
       0
       0
       0
       0
       0
       0
       0
       0
       0
$ROI:
1
115 130
$PRESETS:
Live Time
30
0
$ENER_FIT:
0.000000 0.000000
$MCA_CAL:
3
0.000000E+000 0.000000E+000 0.000000E+000 
$SHAPE_CAL:
3
0.000000E+000 0.000000E+000 0.000000E+000
