$SPEC_ID:
No sample description was entered.
$SPEC_REM:
DET# 1
DETDESC# PRAK01 Easy-MCA-2k SN 15071856
AP# Maestro Version 7.01
$DATE_MEA:
02/11/2002 23:01:57
$MEAS_TIM:
400 400
$DATA:
0 511
       0
       0
       0
       0
       0
       0
       0
       0
       0
       0
       0
       0
       0
       0
       0
       0
       0
       0
       2
     156
     197
     210
     216
     217
     252
     250
     271
     298
     303
     281
     317
     298
     336
     294
     291
     324
     311
     274
     308
     320
     345
     300
     301
     308
     307
     290
     266
     289
     291
     274
     265
     267
     248
     252
     271
     233
     220
     241
     229
     252
     235
     208
     239
     215
     236
     204
     209
     206
     224
     229
     201
     197
     194
     201
     200
     210
     186
     184
     232
     175
     207
     211
     178
     235
     240
     218
     199
     202
     165
     167
     139
     134
     115
     115
     137
     104
     111
     110
     121
      88
     116
     113
     100
      86
      98
      92
      78
      87
      99
     135
     152
     153
     143
     163
     195
     256
     361
     391
     537
     711
     812
     952
    1066
    1088
    1079
    1073
     936
     714
     575
     463
     311
     201
     142
      90
      42
      28
      14
      16
      10
      12
      15
       9
       9
      15
       9
       8
       9
      12
      11
       7
       5
       8
       6
       9
      10
       7
       7
       8
      11
       8
       8
       8
       7
      10
      14
       7
       6
       4
       9
       8
       5
       4
       5
       8
       7
       6
       2
       8
       2
      12
       8
       8
       4
       4
       8
       6
       5
       4
       5
       4
       7
       5
       7
       6
       1
       6
       4
       6
       7
       8
       3
       7
       1
       6
       6
       4
       4
       7
       9
       2
       6
       3
       4
       4
       7
       5
       5
       5
       5
       2
       7
       3
       3
       5
       4
       0
       9
       3
       2
       2
       2
       2
       3
       0
       4
       3
       3
       2
       6
       3
       0
       6
       2
       2
       1
       5
       6
       4
       5
       6
       5
       7
       9
       7
       5
       3
       5
       5
       3
       3
       5
       5
       6
       4
       3
       2
       5
       5
       5
       5
       3
       3
       4
       2
       1
       1
       2
       1
       0
       0
       0
       0
       3
       0
       3
       0
       3
       1
       0
       1
       1
       1
       1
       0
       1
       0
       0
       2
       1
       1
       0
       3
       0
       3
       0
       2
       2
       0
       2
       4
       1
       0
       1
       2
       1
       2
       0
       0
       0
       1
       1
       1
       0
       3
       0
       2
       1
       2
       1
       0
       0
       1
       0
       0
       2
       0
       2
       0
       1
       2
       0
       1
       0
       0
       0
       0
       0
       1
       1
       2
       3
       0
       1
       0
       2
       0
       1
       3
       1
       0
       0
       0
       1
       1
       1
       0
       0
       1
       0
       0
       0
       0
       0
       0
       0
       0
       0
       2
       0
       1
       0
       0
       0
       2
       0
       2
       1
       0
       0
       0
       2
       0
       0
       1
       0
       0
       1
       0
       0
       1
       1
       1
       2
       1
       1
       2
       0
       1
       2
       0
       2
       0
       0
       0
       0
       0
       0
       0
       0
       0
       1
       0
       0
       0
       0
       0
       0
       0
       2
       0
       0
       0
       0
       1
       1
       0
       0
       2
       0
       0
       1
       0
       0
       0
       1
       1
       0
       0
       0
       1
       1
       1
       2
       1
       1
       1
       0
       0
       2
       0
       1
       0
       2
       2
       0
       0
       0
       1
       1
       2
       0
       1
       1
       1
       0
       0
       0
       0
       0
       0
       0
       0
       0
       0
       0
       0
       0
       0
       0
       0
       0
       0
       0
       0
       0
       0
       0
       0
       0
       0
       0
       0
       0
       0
       0
       0
       0
       0
       0
       0
       0
       0
$ROI:
1
114 131
$PRESETS:
Live Time
400
0
$ENER_FIT:
0.000000 0.000000
$MCA_CAL:
3
0.000000E+000 0.000000E+000 0.000000E+000 
$SHAPE_CAL:
3
0.000000E+000 0.000000E+000 0.000000E+000
