$SPEC_ID:
No sample description was entered.
$SPEC_REM:
DET# 1
DETDESC# PRAK01 Easy-MCA-2k SN 15071856
AP# Maestro Version 7.01
$DATE_MEA:
02/11/2002 23:09:47
$MEAS_TIM:
400 400
$DATA:
0 511
       0
       0
       0
       0
       0
       0
       0
       0
       0
       0
       0
       0
       0
       0
       0
       0
       0
       1
       2
     114
     134
     170
     167
     158
     174
     188
     210
     230
     203
     228
     214
     239
     248
     242
     223
     250
     259
     223
     262
     272
     236
     236
     230
     228
     206
     232
     206
     224
     185
     193
     199
     163
     192
     193
     196
     180
     176
     163
     157
     149
     165
     179
     156
     155
     163
     145
     170
     147
     153
     157
     154
     147
     142
     159
     144
     143
     138
     164
     160
     132
     134
     166
     139
     129
     134
     146
     141
     117
     101
      93
     105
      93
      66
      76
      78
      76
      86
      63
      60
      70
      50
      72
      75
      63
      49
      59
      64
      57
      66
      65
      88
      87
      98
     117
     144
     204
     290
     309
     417
     490
     539
     663
     688
     755
     718
     699
     582
     489
     370
     267
     215
     119
      73
      62
      37
      25
      12
      10
       7
      12
      10
      12
       9
       8
       8
       9
       9
      11
      10
      12
      11
       7
      11
       8
       5
       7
       6
       6
       9
      10
       9
       7
       9
       4
       5
      10
       9
       5
       6
       8
       4
       8
      10
       7
       5
       5
      10
       9
       4
       8
      12
       8
       4
       3
       7
       8
       7
       5
       4
       3
       7
       5
       4
       5
       6
       4
       5
       7
       7
       5
       4
       6
       8
       5
       7
       4
       7
       6
       4
       1
       5
       8
       2
       4
       0
       3
       2
       6
       6
       3
       4
       3
       2
       5
       5
       5
       4
       7
       4
       3
       2
       4
       5
       4
       3
       3
       4
       4
       3
       5
       2
       4
       4
       1
       3
       4
       7
       4
       3
       5
       6
      10
       2
       3
       3
       7
       4
       6
       4
       7
       3
      10
       4
       3
       6
       5
       4
       6
       3
       4
       2
       2
       1
       1
       2
       0
       1
       2
       2
       0
       1
       1
       1
       1
       0
       2
       1
       0
       2
       2
       1
       0
       1
       3
       0
       1
       2
       0
       1
       1
       2
       2
       0
       0
       2
       1
       0
       3
       1
       1
       3
       1
       4
       0
       3
       0
       2
       3
       0
       1
       1
       1
       0
       0
       0
       0
       1
       1
       1
       2
       1
       0
       0
       0
       0
       2
       0
       1
       0
       0
       0
       2
       1
       1
       1
       0
       3
       1
       1
       0
       1
       0
       0
       1
       0
       0
       0
       3
       1
       0
       2
       1
       0
       0
       1
       2
       0
       1
       0
       0
       0
       1
       2
       0
       1
       3
       2
       1
       0
       0
       0
       1
       1
       0
       1
       1
       1
       2
       1
       1
       1
       3
       0
       2
       0
       0
       0
       1
       1
       0
       0
       0
       1
       0
       0
       0
       1
       0
       0
       1
       1
       0
       0
       0
       1
       1
       1
       0
       0
       0
       1
       1
       2
       0
       0
       1
       2
       1
       0
       0
       0
       1
       0
       0
       0
       0
       0
       1
       0
       1
       0
       2
       3
       0
       1
       1
       2
       0
       0
       0
       2
       1
       0
       0
       1
       2
       0
       2
       0
       0
       0
       0
       2
       0
       2
       0
       0
       0
       0
       0
       0
       1
       0
       0
       1
       0
       0
       0
       0
       0
       0
       0
       0
       0
       1
       0
       0
       0
       0
       0
       0
       0
       0
       0
       0
       0
       0
       0
       0
       0
       0
       0
       0
       0
       0
       0
       0
       0
       0
       0
       0
       0
$ROI:
1
114 131
$PRESETS:
Live Time
400
0
$ENER_FIT:
0.000000 0.000000
$MCA_CAL:
3
0.000000E+000 0.000000E+000 0.000000E+000 
$SHAPE_CAL:
3
0.000000E+000 0.000000E+000 0.000000E+000
