$SPEC_ID:
No sample description was entered.
$SPEC_REM:
DET# 1
DETDESC# PRAK01 Easy-MCA-2k SN 15071856
AP# Maestro Version 7.01
$DATE_MEA:
02/11/2002 23:17:41
$MEAS_TIM:
400 400
$DATA:
0 511
       0
       0
       0
       0
       0
       0
       0
       0
       0
       0
       0
       0
       0
       0
       0
       0
       0
       0
       2
     164
     210
     228
     217
     213
     254
     287
     269
     287
     271
     292
     273
     308
     321
     304
     301
     317
     305
     336
     310
     333
     307
     324
     296
     311
     261
     305
     289
     286
     262
     265
     284
     262
     244
     254
     240
     263
     214
     231
     230
     243
     257
     238
     226
     205
     244
     241
     208
     228
     208
     210
     249
     210
     210
     195
     242
     228
     207
     228
     204
     211
     205
     212
     235
     221
     178
     202
     184
     193
     182
     130
     144
     135
     131
     112
      99
      94
      98
     102
      80
      80
     106
      78
      96
      89
      91
      93
      84
     104
     111
     105
     102
     115
     128
     171
     210
     278
     358
     577
     742
     896
    1075
    1241
    1315
    1299
    1274
    1070
     863
     651
     490
     317
     198
     118
      67
      40
      20
      17
      12
       9
       6
      10
      13
      12
       5
      11
       8
      16
       7
      12
      11
       9
      11
      15
       7
       7
      11
       2
       6
      10
       2
       8
       7
      11
      10
       4
       8
       6
       7
       5
       5
      12
       8
       3
       8
       9
       6
       5
       6
       7
       6
       8
       4
       6
      11
       5
       0
       8
       3
       8
       3
       6
       9
       6
       7
       3
       7
       4
       2
       4
       8
       3
       9
       6
       6
       6
       5
       7
       4
       4
       4
       2
       7
       1
       2
       3
       4
       7
       3
       6
       2
       3
       5
       2
       3
       3
       8
       3
       6
       5
       4
       3
       3
       4
       4
       2
       1
       2
       2
       4
       0
       2
       3
       2
       2
       2
       7
       3
       5
       3
       6
       4
       1
       2
       4
       8
       7
       7
       7
       6
       9
       7
       7
       4
       4
       6
       3
       3
       3
       2
       1
       3
       1
       2
       3
       3
       1
       3
       4
       4
       0
       2
       1
       0
       0
       2
       2
       1
       0
       0
       0
       0
       3
       0
       3
       1
       0
       1
       0
       0
       2
       0
       2
       3
       0
       1
       0
       0
       0
       0
       0
       1
       3
       3
       1
       3
       1
       1
       0
       0
       1
       1
       1
       1
       2
       0
       1
       2
       1
       1
       1
       2
       1
       0
       0
       0
       0
       1
       0
       2
       0
       0
       0
       0
       0
       1
       2
       1
       1
       0
       0
       0
       0
       1
       1
       0
       1
       0
       1
       0
       0
       0
       1
       0
       1
       1
       0
       0
       0
       1
       2
       1
       0
       0
       1
       0
       1
       0
       3
       0
       3
       0
       0
       1
       0
       0
       0
       1
       1
       0
       2
       0
       1
       0
       1
       2
       0
       0
       1
       4
       1
       0
       0
       0
       1
       0
       0
       1
       1
       0
       1
       0
       0
       0
       0
       1
       1
       0
       2
       0
       0
       0
       0
       0
       0
       0
       0
       0
       1
       0
       0
       0
       0
       1
       0
       1
       0
       0
       0
       0
       1
       0
       2
       0
       0
       0
       0
       1
       0
       1
       0
       1
       0
       0
       0
       0
       1
       0
       0
       0
       0
       0
       1
       0
       0
       0
       2
       0
       0
       0
       0
       0
       0
       2
       0
       1
       0
       0
       0
       0
       0
       1
       1
       0
       0
       0
       1
       0
       0
       0
       0
       0
       0
       0
       0
       0
       0
       0
       0
       0
       0
       0
       0
       0
       0
       0
       0
       0
       0
       0
       0
       0
       0
       0
$ROI:
1
114 129
$PRESETS:
Live Time
400
0
$ENER_FIT:
0.000000 0.000000
$MCA_CAL:
3
0.000000E+000 0.000000E+000 0.000000E+000 
$SHAPE_CAL:
3
0.000000E+000 0.000000E+000 0.000000E+000
