$SPEC_ID:
No sample description was entered.
$SPEC_REM:
DET# 1
DETDESC# PRAK01 Easy-MCA-2k SN 15071856
AP# Maestro Version 7.01
$DATE_MEA:
02/11/2002 23:25:30
$MEAS_TIM:
400 400
$DATA:
0 511
       0
       0
       0
       0
       0
       0
       0
       0
       0
       0
       0
       0
       0
       0
       0
       0
       0
       0
       5
     159
     178
     219
     215
     235
     198
     225
     287
     248
     269
     304
     286
     283
     283
     281
     302
     296
     287
     306
     330
     326
     314
     292
     294
     323
     256
     274
     283
     293
     285
     229
     234
     236
     248
     242
     222
     236
     233
     244
     219
     228
     258
     224
     209
     232
     222
     216
     210
     195
     208
     220
     228
     196
     209
     177
     234
     203
     186
     196
     193
     216
     190
     219
     196
     218
     214
     205
     188
     174
     152
     159
     146
     104
     106
      95
     103
     107
      87
      93
      85
      78
      79
      72
      80
      83
      80
      80
      74
      97
      90
      76
      86
     115
     117
     131
     166
     198
     263
     362
     471
     653
     779
     967
    1203
    1202
    1284
    1256
    1109
     967
     751
     523
     383
     218
     146
     101
      42
      32
      26
       8
      11
      10
       9
      12
      13
       7
       5
      13
       8
       7
       7
       9
      13
       7
       6
       7
      13
       7
       9
       6
       7
       9
       7
      10
       6
      11
       5
       9
       4
      10
       9
       9
      14
       7
       7
       6
       5
       6
       7
       7
       9
      10
       6
       9
       8
       8
       2
       5
       4
       3
      11
       6
       3
       6
       7
       9
       7
       9
       3
       4
       6
      10
       3
       7
       5
       8
       6
       4
       8
       4
       4
       8
       2
       4
       8
       6
       8
       4
       5
       2
       6
       2
       6
       4
       2
       2
       9
       6
       0
       3
       3
       2
       5
       3
       4
       2
       6
       6
       3
       1
       4
       5
       3
       4
       2
       2
       3
       3
       2
       1
       3
       3
       3
       7
       2
       5
       5
       5
       2
       5
      12
       8
       4
       7
       6
       4
       5
       9
       2
       5
       3
       2
       5
       3
       2
       4
       1
       1
       1
       0
       1
       0
       1
       1
       1
       0
       0
       1
       2
       1
       0
       2
       1
       1
       2
       1
       1
       0
       0
       1
       1
       0
       1
       2
       3
       0
       2
       3
       0
       1
       0
       4
       0
       0
       2
       1
       0
       2
       0
       0
       1
       1
       1
       2
       2
       0
       1
       1
       1
       2
       3
       1
       2
       1
       2
       1
       1
       0
       1
       0
       1
       0
       0
       0
       0
       2
       1
       2
       0
       0
       0
       0
       0
       1
       0
       1
       1
       0
       1
       1
       2
       3
       0
       0
       0
       0
       1
       0
       1
       0
       1
       0
       1
       2
       0
       0
       2
       0
       0
       1
       1
       1
       3
       2
       0
       1
       0
       0
       1
       1
       0
       0
       2
       0
       0
       1
       1
       0
       0
       0
       3
       0
       0
       1
       0
       1
       1
       1
       0
       2
       0
       0
       1
       0
       1
       0
       0
       0
       0
       0
       0
       0
       0
       1
       0
       0
       0
       1
       0
       0
       0
       0
       1
       0
       0
       1
       0
       0
       0
       0
       0
       0
       1
       0
       1
       1
       1
       0
       0
       0
       0
       0
       1
       1
       0
       0
       0
       1
       3
       0
       1
       0
       0
       1
       0
       1
       2
       1
       1
       0
       1
       0
       1
       1
       0
       0
       0
       0
       0
       0
       0
       0
       0
       0
       0
       0
       0
       0
       0
       0
       0
       0
       0
       0
       0
       0
       0
       0
       0
       0
       0
       0
       0
       0
       0
       0
       0
       0
       0
       0
       0
       0
       0
       0
$ROI:
1
116 131
$PRESETS:
Live Time
400
0
$ENER_FIT:
0.000000 0.000000
$MCA_CAL:
3
0.000000E+000 0.000000E+000 0.000000E+000 
$SHAPE_CAL:
3
0.000000E+000 0.000000E+000 0.000000E+000
