$SPEC_ID:
No sample description was entered.
$SPEC_REM:
DET# 1
DETDESC# PRAK01 Easy-MCA-2k SN 15071856
AP# Maestro Version 7.01
$DATE_MEA:
02/11/2002 23:49:50
$MEAS_TIM:
250 250
$DATA:
0 511
       0
       0
       0
       0
       0
       0
       0
       0
       0
       0
       0
       0
       0
       0
       0
       0
       0
       0
       8
     346
     431
     433
     435
     479
     473
     486
     472
     501
     476
     521
     535
     531
     514
     528
     546
     592
     554
     610
     675
     627
     626
     603
     621
     630
     652
     606
     611
     563
     572
     569
     574
     575
     602
     541
     525
     504
     502
     515
     467
     522
     517
     508
     505
     513
     476
     471
     446
     485
     492
     489
     510
     478
     502
     499
     504
     495
     501
     535
     553
     521
     517
     473
     495
     514
     479
     509
     449
     436
     404
     397
     364
     290
     283
     272
     280
     223
     228
     213
     186
     211
     179
     199
     198
     200
     212
     220
     213
     243
     261
     332
     329
     360
     386
     442
     534
     587
     775
     924
    1290
    1667
    2050
    2413
    2995
    3179
    3194
    3136
    2929
    2485
    1970
    1538
    1084
     753
     468
     256
     152
      94
      50
      21
      15
       8
      10
       8
       8
       6
       5
      15
       5
       7
       4
       5
      13
       3
       0
       6
       2
       8
       8
      10
       3
       5
       5
       7
       3
       6
       7
       3
       9
       2
      11
       2
       5
       6
       4
       0
       6
       3
       3
       3
       3
       4
       4
       2
       2
       5
       2
       6
       4
       1
       3
       4
       3
       4
       4
       3
       6
       6
       4
       4
       7
       1
       1
       4
       2
       6
       3
       1
       2
       2
       1
       1
       2
       3
       3
       5
       1
       5
       1
       3
       1
       5
       4
       0
       2
       1
       2
       1
       3
       1
       2
       3
       3
       2
       3
       2
       0
       1
       3
       4
       4
       1
       0
       4
       3
       1
       1
       0
       2
       4
       3
       5
       4
       1
       2
       3
       2
       8
       1
       4
       2
       0
       1
       2
       6
       5
       6
       4
       4
       3
       5
       2
       2
       1
       0
       0
       1
       0
       1
       5
       3
       0
       0
       0
       0
       1
       0
       0
       1
       0
       0
       1
       2
       1
       0
       0
       0
       1
       0
       0
       0
       0
       1
       0
       0
       0
       1
       1
       0
       1
       0
       3
       2
       1
       0
       0
       0
       1
       2
       0
       1
       0
       0
       1
       2
       2
       0
       1
       0
       0
       1
       0
       2
       0
       2
       1
       1
       0
       0
       1
       1
       1
       0
       1
       0
       0
       0
       0
       1
       0
       0
       0
       0
       0
       0
       0
       3
       0
       1
       0
       1
       0
       0
       0
       0
       0
       0
       0
       2
       0
       0
       0
       0
       0
       1
       0
       0
       1
       0
       0
       0
       0
       1
       0
       2
       1
       0
       0
       0
       1
       0
       0
       0
       0
       0
       0
       1
       0
       1
       1
       1
       0
       0
       0
       1
       0
       0
       0
       1
       0
       0
       0
       1
       0
       0
       0
       0
       1
       0
       0
       0
       1
       0
       0
       0
       0
       0
       0
       0
       2
       0
       0
       0
       0
       0
       0
       0
       0
       0
       0
       0
       0
       0
       0
       1
       0
       0
       0
       0
       0
       0
       1
       2
       0
       0
       0
       0
       0
       0
       0
       1
       0
       0
       0
       1
       2
       0
       0
       1
       1
       0
       0
       0
       0
       0
       0
       0
       0
       0
       0
       0
       0
       0
       0
       0
       0
       0
       0
       0
       0
       0
       0
       0
       0
       0
       0
       0
       0
       0
       0
       0
       0
       0
       0
       0
       0
       0
       0
       0
       0
       0
       0
       0
       0
$ROI:
1
114 131
$PRESETS:
Live Time
250
0
$ENER_FIT:
0.000000 0.000000
$MCA_CAL:
3
0.000000E+000 0.000000E+000 0.000000E+000 
$SHAPE_CAL:
3
0.000000E+000 0.000000E+000 0.000000E+000
