$SPEC_ID:
No sample description was entered.
$SPEC_REM:
DET# 1
DETDESC# PRAK01 Easy-MCA-2k SN 15071856
AP# Maestro Version 7.01
$DATE_MEA:
02/11/2002 23:55:13
$MEAS_TIM:
250 250
$DATA:
0 511
       0
       0
       0
       0
       0
       0
       0
       0
       0
       0
       0
       1
       0
       0
       0
       0
       0
       0
       4
     310
     356
     373
     395
     375
     388
     423
     399
     495
     471
     439
     483
     470
     477
     477
     521
     484
     534
     541
     533
     572
     563
     577
     566
     568
     570
     542
     545
     502
     525
     512
     507
     516
     493
     507
     457
     439
     441
     439
     447
     440
     486
     455
     480
     448
     470
     435
     421
     431
     433
     451
     489
     474
     424
     462
     450
     409
     448
     444
     420
     401
     448
     447
     471
     446
     476
     409
     445
     415
     397
     370
     327
     321
     286
     298
     242
     225
     178
     200
     206
     168
     157
     158
     171
     158
     149
     145
     173
     159
     160
     190
     185
     181
     197
     203
     225
     244
     335
     427
     622
     815
    1175
    1605
    2063
    2475
    2871
    3003
    3142
    2921
    2745
    2259
    1751
    1271
     883
     541
     350
     182
      89
      48
      19
      18
       9
       3
       7
       5
       4
       3
       7
       3
       7
       4
       5
      11
       1
       1
       4
       4
       8
       4
       8
       3
       1
       5
       3
       3
       2
       5
       4
       6
       7
       4
       3
       6
       1
       0
       2
       6
       3
       2
       2
       5
       7
       3
       6
       5
       5
       7
       2
       6
       2
       5
       7
       1
       1
       2
       5
       5
       5
       1
       3
       2
       2
       4
       2
       2
       3
       4
       7
       6
       4
       2
       2
       7
       5
       0
       7
       2
       2
       8
       2
       2
       2
       4
       1
       2
       2
       3
       0
       4
       3
       2
       4
       2
       3
       3
       3
       0
       1
       2
       4
       1
       3
       2
       2
       1
       3
       3
       2
       1
       3
       2
       4
       2
       0
       2
       4
       1
       5
       1
       0
       5
       4
       3
       3
       3
       3
       6
       2
       3
       2
       5
       2
       3
       1
       2
       1
       4
       1
       0
       0
       1
       0
       0
       1
       1
       2
       0
       0
       0
       2
       0
       0
       1
       2
       0
       0
       1
       0
       2
       0
       2
       1
       0
       1
       0
       2
       1
       0
       0
       1
       0
       2
       0
       1
       1
       2
       0
       2
       1
       1
       0
       1
       2
       0
       0
       2
       1
       1
       1
       1
       2
       0
       0
       3
       0
       1
       0
       0
       1
       2
       0
       0
       0
       0
       0
       3
       0
       0
       0
       1
       0
       3
       0
       0
       0
       1
       0
       0
       1
       0
       3
       1
       0
       0
       0
       0
       0
       0
       0
       0
       0
       1
       1
       1
       0
       1
       0
       0
       0
       0
       1
       1
       0
       3
       0
       0
       2
       0
       0
       1
       0
       0
       0
       1
       0
       0
       1
       0
       0
       1
       0
       1
       0
       1
       0
       0
       0
       0
       0
       0
       0
       2
       0
       0
       0
       0
       1
       0
       0
       0
       0
       0
       0
       0
       0
       0
       0
       0
       0
       1
       0
       0
       0
       0
       0
       0
       1
       1
       1
       0
       0
       0
       0
       0
       0
       1
       0
       0
       0
       0
       0
       0
       0
       0
       0
       0
       1
       0
       1
       1
       0
       1
       1
       0
       1
       1
       0
       1
       0
       0
       0
       0
       0
       0
       1
       1
       1
       0
       0
       0
       0
       0
       0
       1
       0
       0
       0
       0
       0
       0
       0
       0
       0
       0
       0
       0
       0
       0
       0
       0
       0
       0
       0
       0
       0
       0
       0
       0
       0
       0
       0
       0
       0
$ROI:
1
118 133
$PRESETS:
Live Time
250
0
$ENER_FIT:
0.000000 0.000000
$MCA_CAL:
3
0.000000E+000 0.000000E+000 0.000000E+000 
$SHAPE_CAL:
3
0.000000E+000 0.000000E+000 0.000000E+000
