$SPEC_ID:
No sample description was entered.
$SPEC_REM:
DET# 1
DETDESC# PRAK01 Easy-MCA-2k SN 15071856
AP# Maestro Version 7.01
$DATE_MEA:
02/11/2002 23:38:24
$MEAS_TIM:
250 250
$DATA:
0 511
       0
       0
       0
       0
       0
       0
       0
       0
       0
       0
       0
       0
       0
       0
       1
       0
       0
       0
       5
     340
     451
     430
     435
     425
     510
     478
     490
     550
     585
     513
     577
     567
     538
     593
     569
     567
     618
     651
     701
     674
     737
     704
     665
     625
     636
     635
     644
     645
     554
     567
     594
     587
     523
     560
     527
     539
     523
     504
     510
     540
     535
     524
     503
     538
     513
     574
     499
     542
     553
     520
     499
     526
     515
     510
     484
     527
     522
     492
     503
     527
     523
     531
     504
     447
     482
     444
     434
     444
     337
     318
     307
     246
     266
     254
     224
     221
     192
     216
     202
     208
     210
     204
     209
     225
     238
     225
     248
     234
     283
     284
     342
     391
     477
     676
     782
    1145
    1430
    1828
    2344
    2806
    3132
    3382
    3340
    3091
    2815
    2274
    1770
    1324
     926
     548
     351
     197
     105
      49
      24
      10
      10
       7
       5
       7
       8
       4
       6
       3
       5
       4
       8
      12
       7
       1
       7
       6
       3
       3
       5
       5
       5
       6
       5
       4
       4
       6
       7
       3
       7
       1
       5
       9
       3
       2
       4
       4
       5
       7
       9
       5
       3
       5
       5
       6
       3
       5
       3
       3
       4
       2
       5
       6
       3
       8
       2
       3
       3
       5
       3
       4
       9
       4
       5
       1
       2
       3
       3
       5
       2
       0
       6
       4
       1
       4
       2
       8
       5
       4
       1
       1
       4
       1
       5
       1
       2
       2
       2
       3
       2
       1
       2
       3
       2
       3
       1
       1
       1
       1
       4
       2
       1
       2
       9
       2
       1
       3
       2
       1
       6
       1
       1
       3
       4
       7
       3
       3
       5
       5
       8
       3
       6
       6
       4
       7
       4
       7
       1
       3
       3
       0
       2
       1
       1
       3
       1
       1
       0
       2
       1
       1
       0
       1
       2
       0
       0
       0
       0
       0
       0
       1
       1
       0
       1
       1
       0
       0
       1
       2
       1
       0
       1
       1
       2
       0
       1
       0
       0
       0
       1
       0
       0
       1
       2
       1
       1
       2
       0
       1
       2
       0
       0
       1
       0
       2
       1
       0
       2
       0
       0
       1
       0
       0
       0
       0
       2
       0
       1
       0
       1
       0
       0
       1
       1
       0
       0
       0
       0
       0
       0
       0
       0
       0
       0
       2
       1
       1
       0
       0
       1
       0
       1
       0
       0
       0
       1
       0
       0
       1
       0
       0
       1
       1
       1
       1
       2
       0
       1
       1
       0
       0
       0
       1
       1
       1
       1
       1
       0
       1
       0
       0
       0
       1
       0
       0
       0
       0
       0
       1
       0
       0
       0
       0
       1
       0
       0
       0
       1
       0
       1
       0
       0
       0
       0
       0
       0
       0
       1
       0
       0
       1
       1
       0
       0
       2
       0
       0
       1
       0
       0
       0
       0
       0
       0
       0
       1
       0
       0
       3
       0
       1
       0
       0
       1
       2
       0
       0
       0
       1
       1
       0
       1
       0
       0
       0
       3
       1
       1
       1
       0
       0
       0
       1
       0
       0
       0
       0
       0
       1
       0
       1
       0
       0
       0
       0
       0
       0
       0
       0
       0
       0
       0
       0
       0
       0
       0
       0
       0
       0
       0
       0
       0
       0
       0
       0
       0
       0
       0
       0
       0
       0
       0
       0
       0
       0
       0
       0
       0
       0
       0
       0
       0
       0
       0
       0
       0
       0
$ROI:
1
113 128
$PRESETS:
Live Time
250
0
$ENER_FIT:
0.000000 0.000000
$MCA_CAL:
3
0.000000E+000 0.000000E+000 0.000000E+000 
$SHAPE_CAL:
3
0.000000E+000 0.000000E+000 0.000000E+000
