$SPEC_ID:
No sample description was entered.
$SPEC_REM:
DET# 1
DETDESC# PRAK01 Easy-MCA-2k SN 15071856
AP# Maestro Version 7.01
$DATE_MEA:
02/12/2002 01:00:17
$MEAS_TIM:
300 300
$DATA:
0 511
       0
       0
       0
       0
       0
       0
       0
       0
       0
       0
       0
       0
       0
       1
       0
       0
       0
       0
       9
     356
     452
     427
     460
     418
     466
     502
     449
     523
     498
     520
     513
     580
     532
     559
     553
     546
     547
     626
     582
     621
     679
     657
     648
     635
     674
     576
     578
     583
     581
     562
     582
     552
     546
     515
     524
     527
     512
     505
     515
     530
     496
     527
     486
     511
     505
     486
     513
     517
     457
     521
     488
     490
     528
     528
     515
     505
     526
     495
     507
     551
     526
     536
     506
     525
     543
     492
     532
     493
     428
     441
     365
     335
     325
     304
     243
     242
     241
     213
     219
     216
     184
     181
     198
     166
     189
     175
     188
     174
     184
     188
     192
     213
     234
     219
     233
     324
     420
     613
     863
    1223
    1649
    2183
    2671
    3164
    3483
    3686
    3589
    3353
    2786
    2166
    1657
    1178
     767
     468
     242
     120
      58
      33
      24
      10
       4
      10
       6
       6
       8
       4
       8
       5
       6
       5
       3
       5
       7
       4
      10
       6
       3
       5
       4
       3
       4
       7
       6
       2
       5
       2
       3
       7
       8
       5
      10
       5
       6
       5
       3
       7
       9
       4
       4
       7
       6
       2
       4
       6
       6
       5
       5
       4
       4
       3
       3
       5
       4
       7
       6
       2
       4
       2
       3
       2
       5
       8
       5
       7
      10
       2
       4
       5
       6
       3
       2
       2
       4
       3
       1
       2
       6
       7
       5
       4
       4
       5
       6
       3
       2
       4
       3
       1
       6
       5
       3
       1
       1
       0
       1
       2
       4
       4
       1
       1
       2
       5
       2
       4
       1
       1
       0
       2
       3
       5
       3
       3
       4
       2
       4
       2
       3
       4
       5
       4
       6
       2
       4
       4
       3
       3
       3
       5
       7
       4
       3
       4
       0
       1
       3
       1
       1
       3
       1
       0
       2
       2
       1
       2
       1
       1
       1
       2
       0
       1
       2
       0
       0
       1
       0
       1
       0
       0
       2
       1
       0
       1
       1
       1
       3
       2
       2
       0
       1
       1
       0
       1
       2
       0
       0
       0
       1
       0
       2
       0
       1
       0
       0
       1
       0
       2
       0
       0
       0
       1
       1
       0
       0
       1
       0
       0
       1
       0
       0
       0
       0
       1
       2
       0
       0
       0
       2
       0
       0
       1
       2
       0
       1
       0
       0
       0
       0
       0
       1
       0
       0
       0
       0
       1
       0
       0
       0
       0
       2
       0
       1
       0
       0
       0
       0
       0
       0
       0
       0
       0
       0
       1
       0
       1
       0
       0
       0
       0
       0
       1
       1
       0
       0
       0
       0
       0
       0
       0
       1
       0
       1
       2
       0
       0
       0
       2
       2
       0
       1
       1
       0
       0
       1
       0
       1
       0
       1
       0
       0
       1
       0
       2
       0
       1
       0
       0
       1
       0
       0
       1
       0
       0
       0
       1
       0
       0
       0
       0
       0
       0
       1
       1
       1
       0
       0
       0
       0
       1
       1
       1
       0
       0
       0
       0
       0
       4
       0
       1
       0
       1
       1
       1
       1
       0
       0
       2
       0
       1
       0
       1
       1
       0
       1
       0
       0
       0
       0
       0
       1
       0
       0
       0
       1
       0
       0
       0
       0
       0
       0
       0
       0
       0
       0
       0
       0
       0
       0
       0
       0
       0
       0
       0
       0
       0
       0
       0
       0
       0
       0
       0
       0
       0
$ROI:
1
117 133
$PRESETS:
Live Time
300
0
$ENER_FIT:
0.000000 0.000000
$MCA_CAL:
3
0.000000E+000 0.000000E+000 0.000000E+000 
$SHAPE_CAL:
3
0.000000E+000 0.000000E+000 0.000000E+000
