$SPEC_ID:
No sample description was entered.
$SPEC_REM:
DET# 1
DETDESC# PRAK01 Easy-MCA-2k SN 15071856
AP# Maestro Version 7.01
$DATE_MEA:
02/12/2002 01:12:01
$MEAS_TIM:
300 300
$DATA:
0 511
       0
       0
       0
       0
       0
       0
       0
       0
       0
       0
       0
       0
       0
       0
       0
       0
       0
       0
       3
     158
     159
     173
     210
     219
     214
     229
     201
     238
     255
     271
     251
     251
     294
     248
     287
     273
     288
     246
     305
     275
     272
     301
     270
     320
     290
     282
     258
     242
     210
     268
     263
     262
     253
     257
     225
     192
     237
     213
     205
     230
     197
     219
     214
     192
     196
     197
     195
     216
     203
     194
     204
     196
     212
     197
     185
     180
     214
     183
     217
     197
     216
     231
     220
     200
     187
     192
     205
     189
     174
     164
     151
     118
     116
     112
     107
      93
      98
      83
      94
      74
      88
      89
      80
      73
      76
      76
      89
      90
      84
      90
     100
      85
     107
     113
     128
     145
     204
     236
     361
     467
     681
     846
    1010
    1163
    1256
    1344
    1295
    1147
     932
     727
     557
     368
     248
     130
      69
      46
      24
      12
      10
      12
       4
       4
       6
       6
       3
       5
       9
      10
       8
       4
       4
       5
       7
       7
       7
       6
       4
       3
       6
       6
       3
      13
       4
       2
       5
       5
       6
       8
       8
       6
       3
       6
       5
       4
       5
       4
       4
       7
       9
       4
       9
       4
       5
       4
       2
       2
       4
       1
       6
       7
       2
       5
       3
       3
       6
       1
       5
       4
       5
       4
       4
       8
       6
       4
       7
       6
       8
       3
       5
       4
       3
       9
       6
       0
       1
       3
       6
       2
       1
       3
       2
       1
       3
       2
       4
       1
       3
       1
       1
       4
       3
       2
       0
       4
       0
       0
       2
       1
       1
       1
       3
       2
       4
       0
       1
       1
       1
       0
       1
       0
       2
       2
       2
       0
       2
       3
       4
       3
       4
       5
       7
       8
       4
       1
      10
       3
       3
       2
       2
       3
       3
       2
       4
       4
       1
       2
       2
       2
       2
       2
       0
       2
       0
       1
       0
       0
       0
       1
       2
       0
       2
       0
       2
       0
       0
       0
       1
       2
       0
       0
       0
       0
       0
       0
       1
       1
       3
       2
       1
       0
       2
       3
       1
       2
       0
       0
       0
       0
       2
       1
       0
       1
       3
       1
       2
       0
       0
       1
       0
       0
       0
       1
       0
       2
       2
       1
       1
       0
       1
       0
       0
       0
       0
       1
       1
       1
       0
       3
       0
       1
       1
       1
       2
       0
       0
       0
       0
       2
       1
       0
       0
       1
       0
       1
       0
       0
       0
       0
       0
       0
       0
       2
       1
       1
       0
       0
       0
       1
       0
       0
       0
       0
       1
       1
       1
       1
       0
       0
       0
       1
       2
       1
       0
       0
       0
       0
       0
       0
       0
       0
       0
       0
       0
       0
       1
       1
       1
       0
       1
       0
       0
       0
       0
       0
       0
       0
       1
       0
       1
       0
       0
       1
       0
       1
       0
       0
       1
       1
       0
       1
       1
       0
       0
       0
       0
       0
       1
       1
       0
       0
       0
       0
       1
       1
       0
       0
       0
       0
       0
       0
       0
       0
       1
       1
       0
       0
       0
       3
       0
       1
       1
       2
       1
       0
       0
       0
       0
       0
       0
       1
       1
       0
       0
       0
       0
       0
       0
       0
       0
       0
       0
       0
       0
       0
       0
       0
       0
       0
       0
       0
       0
       0
       0
       0
       0
       0
       0
       0
       0
       0
       0
       0
       0
       0
       0
       0
       0
       0
       0
       0
       0
       0
$ROI:
1
117 132
$PRESETS:
Live Time
300
0
$ENER_FIT:
0.000000 0.000000
$MCA_CAL:
3
0.000000E+000 0.000000E+000 0.000000E+000 
$SHAPE_CAL:
3
0.000000E+000 0.000000E+000 0.000000E+000
