$SPEC_ID:
No sample description was entered.
$SPEC_REM:
DET# 1
DETDESC# PRAK01 Easy-MCA-2k SN 15071856
AP# Maestro Version 7.01
$DATE_MEA:
02/12/2002 00:02:31
$MEAS_TIM:
300 300
$DATA:
0 511
       0
       0
       0
       0
       0
       0
       0
       0
       0
       0
       0
       0
       0
       0
       0
       0
       0
       0
       2
     115
     164
     173
     143
     176
     169
     167
     205
     175
     208
     214
     234
     212
     227
     240
     225
     222
     223
     255
     263
     225
     272
     222
     239
     244
     258
     246
     227
     216
     189
     225
     208
     230
     172
     185
     200
     206
     181
     188
     175
     175
     162
     174
     157
     186
     176
     185
     165
     162
     151
     147
     157
     138
     151
     148
     148
     162
     130
     159
     152
     194
     165
     170
     151
     176
     174
     149
     134
     179
     130
     138
     137
     128
     105
      90
      99
      74
      83
      69
      80
      76
      59
      69
      70
      72
      63
      65
      44
      63
      73
      58
      79
      67
      56
      84
      90
     103
     101
     139
     182
     258
     385
     502
     604
     701
     886
    1018
     953
     915
     822
     736
     570
     430
     282
     175
     121
      62
      30
      18
      16
      11
       2
       6
      10
       5
      12
      11
       5
       9
      10
       4
       7
       4
       6
       3
       4
       7
       5
       6
       5
       7
       4
       8
       9
       8
       4
       3
       3
       1
       7
       2
       6
       4
       2
       3
       5
       4
       7
       5
       8
       3
       6
       8
       5
       8
       7
       2
       4
       5
       5
       2
       3
       8
       3
       1
       4
       3
       3
       4
       5
       4
       7
       3
       4
       4
       7
       3
       2
       3
       3
       6
       4
       8
       5
       5
       5
       5
       4
       6
       6
       3
       5
       3
       5
       3
       3
       6
       2
       3
       1
       4
       3
       2
       1
       3
       3
       6
       1
       1
       4
       1
       2
       3
       2
       2
       2
       1
       2
       1
       1
       1
       1
       1
       2
       2
       1
       2
       4
       4
       3
       7
       7
       5
       3
       3
       7
       2
       6
       3
       5
       1
       4
       3
       7
       2
       1
       1
       1
       3
       0
       3
       1
       1
       0
       0
       0
       2
       1
       0
       1
       1
       1
       2
       1
       0
       0
       2
       2
       2
       0
       1
       0
       0
       3
       0
       0
       1
       0
       1
       0
       3
       2
       1
       0
       0
       0
       0
       4
       2
       1
       2
       2
       1
       1
       1
       2
       0
       0
       0
       0
       2
       1
       1
       1
       0
       0
       1
       0
       0
       0
       1
       1
       1
       0
       0
       0
       0
       0
       1
       0
       1
       0
       0
       0
       2
       0
       0
       0
       0
       1
       1
       0
       0
       2
       1
       1
       0
       1
       0
       0
       0
       0
       0
       1
       0
       0
       1
       0
       1
       0
       0
       0
       0
       0
       2
       0
       0
       0
       0
       0
       0
       0
       0
       1
       1
       1
       0
       1
       0
       0
       0
       0
       0
       1
       0
       0
       0
       0
       0
       0
       2
       1
       1
       0
       1
       0
       1
       0
       1
       0
       0
       0
       0
       0
       1
       0
       1
       1
       1
       0
       0
       1
       0
       0
       0
       1
       0
       0
       0
       0
       0
       0
       0
       1
       1
       0
       0
       0
       2
       0
       0
       0
       2
       0
       0
       0
       0
       1
       0
       0
       0
       0
       0
       1
       2
       0
       0
       0
       0
       0
       0
       0
       2
       0
       0
       0
       0
       0
       0
       0
       1
       0
       0
       0
       1
       0
       0
       0
       0
       0
       0
       0
       0
       0
       0
       0
       0
       0
       0
       0
       0
       0
       0
       0
       0
       0
       0
       0
       0
       0
       0
       0
       0
$ROI:
1
118 133
$PRESETS:
Live Time
300
0
$ENER_FIT:
0.000000 0.000000
$MCA_CAL:
3
0.000000E+000 0.000000E+000 0.000000E+000 
$SHAPE_CAL:
3
0.000000E+000 0.000000E+000 0.000000E+000
