$SPEC_ID:
No sample description was entered.
$SPEC_REM:
DET# 1
DETDESC# PRAK01 Easy-MCA-2k SN 15071856
AP# Maestro Version 7.01
$DATE_MEA:
02/12/2002 01:06:10
$MEAS_TIM:
300 300
$DATA:
0 511
       0
       0
       0
       0
       0
       0
       0
       0
       0
       0
       0
       0
       0
       0
       0
       0
       0
       0
       0
     116
     165
     140
     166
     180
     199
     183
     190
     205
     176
     199
     222
     245
     239
     248
     238
     240
     254
     207
     260
     241
     236
     259
     262
     227
     223
     239
     253
     235
     229
     229
     205
     232
     190
     212
     210
     204
     183
     178
     189
     172
     190
     169
     174
     197
     172
     163
     174
     164
     195
     157
     157
     147
     149
     171
     173
     178
     167
     166
     168
     173
     195
     166
     184
     167
     167
     189
     187
     172
     144
     142
      97
     123
     120
      90
     106
      86
      86
      71
      75
      68
      63
      68
      72
      70
      68
      69
      79
      76
      67
      76
      82
      77
      81
      94
     114
     121
     169
     203
     267
     403
     541
     687
     873
     966
    1049
    1043
    1099
     878
     803
     600
     462
     304
     187
     106
      56
      46
      20
      10
      12
      11
       3
       2
       8
       3
       6
       8
       8
       5
       7
       8
       6
       0
       5
       1
       5
       8
       6
       5
       6
       7
       8
       3
       6
       4
       6
       6
       7
       6
       6
       7
       6
       4
       3
       5
       5
       5
       3
       9
       4
       3
       7
       2
      10
       4
       3
       4
       3
       2
       4
       5
       3
       8
       6
       4
       7
       5
       2
       4
       3
       6
       0
       2
       2
       5
       5
       7
       7
       5
       3
       4
       1
       4
       1
       3
       3
       2
       1
       3
       5
       4
       4
       1
       6
       3
       8
       2
       2
       3
       4
       2
       1
       0
       2
       0
       0
       4
       3
       4
       2
       2
       0
       1
       1
       0
       2
       4
       1
       2
       3
       4
       2
       2
       5
       1
       2
       5
       5
       5
       4
       4
      10
       4
      11
       5
       3
       5
       5
       1
       4
       1
       1
       5
       0
       1
       5
       1
       1
       3
       0
       3
       0
       2
       0
       1
       1
       2
       0
       1
       1
       0
       3
       3
       0
       1
       0
       1
       3
       0
       3
       1
       0
       2
       1
       0
       0
       0
       0
       0
       0
       1
       1
       1
       0
       1
       2
       1
       0
       1
       2
       0
       1
       0
       2
       1
       1
       0
       2
       1
       0
       0
       1
       0
       1
       2
       0
       1
       0
       0
       0
       0
       0
       1
       0
       2
       0
       1
       0
       1
       1
       0
       0
       0
       0
       1
       0
       0
       0
       1
       0
       1
       1
       1
       0
       0
       0
       0
       0
       2
       1
       1
       1
       0
       0
       1
       0
       0
       1
       1
       1
       1
       0
       0
       0
       0
       1
       0
       0
       3
       0
       1
       0
       1
       1
       0
       0
       0
       2
       1
       1
       1
       0
       0
       0
       0
       2
       0
       0
       0
       1
       1
       1
       1
       0
       0
       0
       0
       0
       0
       0
       0
       0
       0
       1
       0
       0
       0
       1
       0
       2
       0
       0
       1
       1
       0
       0
       0
       1
       0
       0
       0
       0
       0
       0
       0
       0
       1
       1
       1
       0
       0
       0
       1
       1
       0
       0
       0
       0
       0
       1
       1
       0
       0
       0
       2
       0
       0
       0
       0
       0
       0
       0
       0
       0
       0
       0
       0
       0
       0
       0
       0
       0
       0
       0
       0
       0
       0
       0
       0
       0
       0
       0
       0
       0
       0
       0
       0
       0
       0
       0
       0
       0
       0
       0
       0
       0
       0
       0
       0
       0
       0
       0
       0
$ROI:
1
116 132
$PRESETS:
Live Time
300
0
$ENER_FIT:
0.000000 0.000000
$MCA_CAL:
3
0.000000E+000 0.000000E+000 0.000000E+000 
$SHAPE_CAL:
3
0.000000E+000 0.000000E+000 0.000000E+000
