$SPEC_ID:
No sample description was entered.
$SPEC_REM:
DET# 1
DETDESC# PRAK01 Easy-MCA-2k SN 15071856
AP# Maestro Version 7.01
$DATE_MEA:
02/12/2002 00:09:22
$MEAS_TIM:
300 300
$DATA:
0 511
       0
       0
       0
       0
       0
       0
       0
       0
       0
       0
       0
       0
       0
       0
       0
       0
       0
       0
      12
     282
     320
     347
     300
     323
     346
     338
     387
     379
     411
     414
     388
     417
     430
     404
     420
     405
     427
     435
     468
     444
     448
     467
     464
     518
     504
     455
     442
     438
     430
     428
     448
     440
     490
     412
     382
     405
     416
     398
     375
     367
     388
     400
     401
     368
     391
     338
     362
     359
     362
     380
     407
     404
     424
     393
     358
     354
     343
     402
     390
     384
     388
     393
     370
     353
     392
     364
     379
     345
     352
     334
     285
     269
     231
     214
     207
     207
     200
     164
     149
     160
     131
     148
     138
     147
     138
     118
     125
     150
     142
     135
     143
     162
     160
     171
     205
     197
     276
     376
     486
     700
    1015
    1288
    1701
    2133
    2477
    2625
    2644
    2519
    2313
    1950
    1558
    1118
     762
     438
     266
     154
      81
      39
      19
      11
       6
       9
       9
       9
       8
       4
       3
      12
       6
       4
       7
       5
       5
       1
       6
       9
       8
       4
       4
      10
       9
       9
       3
       7
       8
       3
      15
       7
       5
       7
       3
       4
       3
       7
       3
       8
       4
       8
       7
       9
       7
       3
       6
       6
       4
       4
       3
       3
       7
       4
       5
       1
       7
       6
       7
       5
       2
       4
       4
       4
       4
       6
       4
      12
       5
       3
       5
       2
       6
       5
       1
       2
       4
       4
       2
       4
       2
       6
       8
       2
       7
       2
       0
       3
       2
       1
       2
       3
       4
       2
       4
       1
       2
       1
       5
       4
       1
       1
       2
       3
       4
       3
       2
       1
       3
       0
       4
       2
       2
       4
       2
       0
       2
       1
       7
       2
       2
       5
       4
       4
       7
       5
       3
       5
       2
       8
       3
       4
       3
       5
       2
       1
       6
       2
       0
       2
       3
       3
       2
       3
       0
       1
       1
       0
       0
       0
       0
       0
       0
       1
       4
       2
       3
       2
       0
       1
       1
       0
       0
       0
       0
       1
       3
       3
       0
       0
       1
       1
       1
       1
       0
       1
       0
       1
       0
       0
       1
       0
       1
       3
       0
       1
       1
       0
       0
       1
       2
       2
       0
       1
       1
       1
       0
       1
       0
       0
       0
       1
       0
       0
       1
       0
       0
       1
       0
       0
       0
       2
       1
       0
       0
       1
       0
       0
       0
       0
       0
       0
       0
       1
       0
       0
       0
       0
       2
       1
       0
       0
       1
       0
       0
       2
       3
       2
       2
       0
       2
       1
       0
       0
       0
       0
       0
       0
       0
       0
       0
       0
       1
       0
       0
       0
       1
       1
       0
       1
       1
       1
       1
       0
       0
       1
       1
       0
       2
       1
       1
       0
       0
       0
       1
       0
       0
       1
       1
       3
       0
       0
       1
       0
       0
       0
       0
       1
       1
       1
       0
       0
       0
       1
       0
       0
       0
       0
       1
       0
       0
       0
       0
       0
       0
       0
       1
       0
       0
       0
       1
       0
       0
       0
       0
       0
       0
       0
       0
       0
       0
       2
       0
       1
       2
       1
       0
       0
       0
       0
       2
       0
       0
       1
       0
       0
       1
       0
       0
       0
       0
       0
       0
       0
       0
       0
       0
       0
       0
       0
       0
       0
       0
       0
       0
       0
       0
       0
       0
       0
       0
       0
       0
       0
       0
       0
       0
       0
       0
       0
       0
       0
       0
       0
       0
       0
$ROI:
1
118 133
$PRESETS:
Live Time
300
0
$ENER_FIT:
0.000000 0.000000
$MCA_CAL:
3
0.000000E+000 0.000000E+000 0.000000E+000 
$SHAPE_CAL:
3
0.000000E+000 0.000000E+000 0.000000E+000
