$SPEC_ID:
No sample description was entered.
$SPEC_REM:
DET# 1
DETDESC# PRAK01 Easy-MCA-2k SN 15071856
AP# Maestro Version 7.01
$DATE_MEA:
02/12/2002 00:15:14
$MEAS_TIM:
300 300
$DATA:
0 511
       0
       0
       0
       0
       0
       0
       0
       0
       0
       0
       0
       0
       0
       0
       0
       0
       0
       0
       8
     245
     293
     339
     284
     378
     335
     365
     396
     386
     392
     377
     432
     439
     452
     412
     429
     435
     452
     434
     446
     467
     440
     469
     480
     452
     462
     456
     408
     496
     432
     408
     401
     396
     417
     386
     407
     396
     387
     416
     375
     383
     322
     356
     362
     398
     386
     363
     376
     373
     376
     341
     328
     410
     393
     384
     361
     372
     361
     350
     368
     371
     370
     356
     376
     382
     342
     364
     351
     333
     347
     305
     281
     250
     230
     210
     202
     160
     155
     163
     138
     163
     127
     142
     150
     147
     134
     139
     130
     162
     135
     148
     132
     164
     143
     191
     229
     250
     314
     473
     635
     883
    1216
    1591
    1926
    2280
    2503
    2522
    2487
    2361
    1888
    1466
    1111
     766
     488
     277
     191
      74
      45
      28
      17
      16
       9
       8
       6
       4
       4
       7
      10
       7
       8
       5
      10
       7
       5
       3
       3
       9
       5
       4
      12
       3
       8
       6
       6
       9
       9
       5
       5
       3
       5
      10
       8
       5
       3
       4
       4
       6
       6
       7
       8
       6
       3
       7
       6
       0
       1
       2
       2
       4
       2
       4
       7
       7
       4
       1
       9
       3
       9
       2
       6
       9
       5
       5
       2
       5
       7
       5
       4
       6
       4
       3
       2
       1
       4
       4
       3
       1
       5
       1
       3
       1
       5
       1
       3
       2
       1
       2
       2
       2
       3
       3
       4
       4
       5
       3
       1
       5
       2
       2
       3
       2
       0
       1
       2
       5
       1
       5
       0
       3
       1
       2
       0
       1
       7
       3
       2
       6
       3
       7
       5
       6
       5
       6
       7
       2
       3
       4
       3
       3
       4
       0
       0
       3
       1
       0
       1
       1
       1
       2
       0
       1
       1
       1
       0
       1
       1
       1
       0
       0
       0
       1
       0
       1
       0
       0
       0
       1
       0
       1
       0
       2
       2
       1
       2
       1
       1
       3
       2
       1
       2
       0
       0
       1
       1
       1
       0
       0
       0
       1
       0
       2
       0
       1
       0
       3
       0
       0
       2
       0
       0
       0
       0
       1
       0
       1
       0
       0
       0
       0
       2
       0
       3
       1
       0
       1
       2
       1
       1
       2
       0
       1
       0
       0
       1
       1
       1
       1
       1
       0
       3
       0
       0
       0
       0
       2
       0
       1
       0
       0
       0
       0
       2
       1
       1
       1
       1
       1
       2
       0
       0
       1
       0
       2
       2
       2
       0
       0
       1
       1
       0
       0
       1
       1
       0
       1
       0
       0
       0
       0
       0
       0
       0
       1
       0
       1
       0
       0
       0
       1
       1
       0
       0
       0
       0
       0
       1
       0
       0
       0
       0
       0
       0
       0
       0
       0
       0
       0
       0
       0
       0
       0
       0
       1
       1
       0
       0
       1
       0
       0
       0
       0
       0
       0
       0
       1
       0
       0
       0
       1
       0
       0
       0
       0
       0
       0
       1
       0
       1
       0
       1
       0
       0
       0
       1
       2
       0
       0
       1
       1
       0
       0
       0
       0
       2
       0
       0
       0
       0
       1
       0
       0
       0
       0
       0
       0
       0
       0
       0
       0
       0
       0
       0
       0
       0
       0
       0
       0
       0
       0
       0
       0
       0
       0
       0
       0
       0
       0
       0
       0
       0
       0
       0
       0
$ROI:
1
117 132
$PRESETS:
Live Time
300
0
$ENER_FIT:
0.000000 0.000000
$MCA_CAL:
3
0.000000E+000 0.000000E+000 0.000000E+000 
$SHAPE_CAL:
3
0.000000E+000 0.000000E+000 0.000000E+000
