$SPEC_ID:
No sample description was entered.
$SPEC_REM:
DET# 1
DETDESC# PRAK01 Easy-MCA-2k SN 15071856
AP# Maestro Version 7.01
$DATE_MEA:
02/12/2002 00:22:00
$MEAS_TIM:
300 300
$DATA:
0 511
       0
       0
       0
       0
       0
       0
       0
       0
       0
       0
       0
       0
       0
       0
       0
       0
       0
       1
       8
     253
     326
     349
     365
     353
     348
     389
     394
     414
     418
     457
     405
     435
     421
     420
     457
     487
     483
     498
     493
     481
     515
     518
     479
     479
     491
     502
     497
     456
     474
     482
     463
     426
     434
     451
     403
     391
     415
     381
     385
     346
     377
     391
     362
     369
     381
     391
     365
     400
     419
     377
     421
     376
     398
     421
     399
     431
     418
     379
     415
     378
     395
     367
     440
     370
     367
     370
     367
     357
     347
     322
     265
     266
     206
     227
     196
     180
     169
     149
     181
     147
     143
     148
     148
     133
     155
     149
     149
     136
     162
     156
     173
     167
     201
     220
     282
     366
     462
     710
     963
    1280
    1703
    2019
    2369
    2649
    2716
    2541
    2470
    2012
    1556
    1214
     784
     518
     296
     181
      91
      48
      23
      16
      11
       2
      13
       8
       5
      10
       7
       4
       8
       4
       7
       4
      11
       5
       6
       6
       5
       5
       3
       4
       6
       4
      10
       8
      12
       6
       6
       9
       1
       3
       7
       7
       5
       7
       4
       8
       9
       3
       2
       8
       8
       5
       6
       8
       4
       4
       6
       3
       3
       3
       2
       7
       1
       3
       4
       3
       4
       7
       6
       1
       3
       6
       7
       6
       3
       4
       4
       4
       1
       1
       4
       3
       2
       7
       1
       6
       3
       1
       5
       2
       3
       0
       2
       7
       0
       0
       1
       4
       4
       3
       3
       2
       4
       1
       1
       3
       3
       2
       3
       3
       0
       3
       0
       1
       5
       2
       3
       1
       0
       2
       0
       1
       4
       1
       3
       2
       3
       3
       6
       2
       5
       7
       6
       3
       5
       6
       2
       1
       3
       8
       1
       6
       0
       3
       4
       0
       1
       3
       2
       1
       0
       1
       1
       0
       3
       2
       0
       0
       0
       0
       0
       0
       1
       0
       1
       2
       0
       0
       0
       1
       2
       0
       1
       1
       0
       0
       1
       2
       2
       1
       2
       0
       1
       0
       1
       0
       0
       1
       3
       0
       1
       3
       0
       0
       1
       0
       0
       2
       1
       0
       0
       0
       0
       1
       0
       1
       0
       1
       0
       0
       0
       0
       0
       0
       0
       0
       1
       0
       0
       1
       0
       1
       1
       0
       1
       1
       2
       0
       0
       1
       0
       0
       1
       0
       0
       0
       2
       1
       0
       1
       1
       1
       0
       0
       1
       1
       0
       0
       1
       1
       1
       2
       0
       0
       0
       2
       0
       1
       2
       0
       0
       0
       0
       1
       1
       0
       0
       2
       1
       0
       1
       0
       0
       1
       0
       0
       0
       0
       0
       1
       1
       1
       0
       1
       1
       0
       0
       1
       1
       0
       0
       1
       0
       0
       1
       0
       0
       0
       1
       0
       0
       0
       2
       0
       0
       0
       0
       1
       0
       0
       0
       0
       0
       0
       0
       2
       0
       0
       0
       0
       0
       0
       0
       0
       2
       0
       0
       1
       1
       1
       0
       0
       0
       1
       0
       0
       0
       0
       0
       0
       0
       0
       0
       0
       0
       0
       0
       0
       0
       0
       0
       0
       0
       0
       0
       0
       1
       0
       0
       0
       0
       0
       0
       0
       0
       0
       0
       0
       0
       0
       0
       0
       0
       0
       0
       0
       0
       0
       0
       0
       0
       0
       0
       0
$ROI:
1
117 130
$PRESETS:
Live Time
300
0
$ENER_FIT:
0.000000 0.000000
$MCA_CAL:
3
0.000000E+000 0.000000E+000 0.000000E+000 
$SHAPE_CAL:
3
0.000000E+000 0.000000E+000 0.000000E+000
