$SPEC_ID:
No sample description was entered.
$SPEC_REM:
DET# 1
DETDESC# PRAK01 Easy-MCA-2k SN 15071856
AP# Maestro Version 7.01
$DATE_MEA:
02/12/2002 00:28:07
$MEAS_TIM:
300 300
$DATA:
0 511
       0
       0
       0
       0
       0
       0
       0
       0
       0
       0
       0
       0
       0
       0
       0
       0
       0
       0
       3
     248
     305
     337
     347
     311
     352
     360
     362
     378
     391
     409
     433
     450
     443
     445
     418
     413
     414
     490
     472
     465
     500
     471
     440
     423
     487
     453
     463
     434
     408
     444
     439
     407
     405
     390
     389
     396
     411
     359
     390
     371
     355
     399
     375
     359
     339
     369
     356
     397
     378
     366
     357
     341
     379
     374
     361
     353
     349
     396
     353
     394
     373
     350
     407
     369
     347
     338
     354
     284
     289
     279
     234
     216
     192
     170
     176
     178
     150
     154
     133
     162
     150
     133
     147
     125
     163
     133
     142
     148
     151
     143
     169
     180
     217
     257
     319
     489
     647
     880
    1215
    1499
    1934
    2236
    2424
    2554
    2468
    2210
    2058
    1489
    1141
     791
     488
     283
     164
     110
      47
      26
       7
      12
       8
      12
       5
       7
       8
       7
      10
       7
       5
       5
       4
       6
       8
       8
       4
       8
       5
       8
       3
       6
       5
       3
       6
       3
       5
       4
       4
       5
       3
       5
       2
       5
       7
       5
       5
       4
      12
       4
       3
       3
       9
       9
       2
       6
       2
       6
       4
       4
       4
       5
       4
       6
       4
       6
       3
       4
       2
       4
       2
       2
       3
       5
       2
       3
       0
       5
       3
       8
       4
       1
       4
       3
       5
       6
       3
       1
       3
       5
       5
       1
       4
       7
       2
       1
       1
       5
       4
       1
       4
       1
       1
       2
       1
       0
       4
       2
       0
       2
       5
       1
       3
       1
       2
       2
       3
       2
       3
       2
       1
       4
       2
       3
       3
       2
       4
       5
       3
       3
       5
       6
      12
       4
       4
       8
       4
       1
       1
       1
       2
       2
       1
       4
       1
       2
       1
       1
       0
       2
       2
       0
       0
       1
       0
       0
       0
       1
       1
       2
       2
       1
       1
       1
       0
       1
       2
       1
       0
       1
       0
       2
       1
       0
       1
       3
       0
       0
       0
       2
       0
       0
       1
       0
       0
       1
       0
       0
       1
       0
       0
       1
       1
       0
       1
       1
       1
       1
       1
       0
       0
       0
       0
       0
       2
       1
       1
       1
       0
       0
       0
       0
       1
       0
       0
       0
       0
       1
       1
       0
       0
       0
       1
       0
       1
       0
       0
       0
       0
       0
       0
       0
       1
       1
       0
       0
       0
       2
       0
       0
       1
       0
       0
       1
       0
       0
       0
       0
       3
       0
       0
       2
       0
       0
       1
       1
       1
       0
       0
       1
       0
       1
       1
       3
       2
       1
       1
       0
       0
       0
       0
       0
       0
       0
       0
       1
       1
       1
       0
       0
       0
       0
       0
       1
       0
       0
       0
       0
       2
       0
       0
       0
       0
       0
       0
       1
       1
       0
       0
       0
       0
       0
       0
       0
       0
       0
       1
       1
       0
       0
       0
       1
       0
       0
       0
       0
       1
       0
       1
       1
       0
       0
       0
       0
       1
       1
       0
       0
       0
       0
       1
       1
       0
       0
       0
       2
       0
       0
       0
       0
       0
       0
       0
       1
       0
       1
       0
       0
       0
       0
       0
       0
       0
       0
       0
       0
       0
       0
       0
       0
       0
       0
       0
       0
       0
       0
       0
       0
       0
       0
       0
       0
       0
       0
       0
       0
       0
       0
       0
       0
       0
       0
       0
       0
       0
       0
$ROI:
1
115 130
$PRESETS:
Live Time
300
0
$ENER_FIT:
0.000000 0.000000
$MCA_CAL:
3
0.000000E+000 0.000000E+000 0.000000E+000 
$SHAPE_CAL:
3
0.000000E+000 0.000000E+000 0.000000E+000
