$SPEC_ID:
No sample description was entered.
$SPEC_REM:
DET# 1
DETDESC# PRAK01 Easy-MCA-2k SN 15071856
AP# Maestro Version 7.01
$DATE_MEA:
02/12/2002 00:34:15
$MEAS_TIM:
300 300
$DATA:
0 511
       0
       0
       0
       0
       0
       0
       0
       0
       0
       0
       0
       0
       0
       0
       0
       0
       0
       0
       1
     132
     171
     172
     170
     192
     194
     243
     221
     219
     212
     240
     246
     252
     245
     241
     242
     266
     241
     234
     252
     269
     261
     260
     261
     251
     234
     263
     236
     232
     230
     239
     220
     211
     223
     193
     194
     207
     190
     193
     171
     207
     187
     192
     210
     187
     179
     170
     182
     168
     166
     180
     182
     183
     177
     171
     173
     186
     180
     179
     191
     180
     161
     183
     167
     159
     173
     153
     134
     134
     144
     120
     105
     110
      84
     100
      87
      73
      79
      80
      73
      70
      66
      76
      90
      84
      71
      72
      84
      80
      69
     108
      93
     103
     149
     217
     257
     387
     498
     627
     765
     896
    1033
     997
    1022
     981
     848
     642
     480
     344
     235
     127
      78
      47
      29
      23
       7
       5
       8
       5
       4
       8
       7
       7
       8
       3
       9
       4
       7
       8
       6
       6
       8
       5
       8
       5
       8
       2
      11
       5
       6
       5
       4
       3
       3
       3
       5
       7
       6
      10
       8
       8
       7
       5
       4
       4
       3
       9
       3
       1
       2
       7
       4
       4
       3
       6
       4
       0
       7
       5
       5
       3
       3
       6
       6
       6
       9
       4
       3
       3
       9
       6
       3
       3
       8
       3
       6
       8
       5
       4
       6
       2
       5
       4
       0
       3
       4
       3
       1
       0
       3
       8
       2
       6
       2
       2
       1
       2
       3
       3
       2
       3
       4
       3
       2
       1
       1
       1
       1
       5
       5
       3
       3
       2
       6
       2
       4
       1
       4
       1
       6
       4
       4
       3
       6
       8
       4
       3
       8
       5
       4
       6
       2
       1
       1
       3
       0
       2
       2
       0
       0
       2
       2
       0
       0
       3
       1
       0
       0
       1
       0
       2
       0
       0
       0
       1
       1
       0
       1
       2
       1
       1
       0
       1
       0
       0
       1
       0
       1
       1
       0
       1
       1
       0
       1
       1
       0
       0
       3
       1
       1
       0
       0
       1
       0
       1
       2
       2
       1
       0
       2
       0
       1
       0
       1
       0
       0
       1
       1
       1
       0
       2
       0
       1
       1
       0
       0
       1
       0
       0
       0
       1
       0
       1
       0
       2
       1
       0
       0
       1
       0
       1
       1
       1
       1
       0
       0
       2
       1
       1
       0
       0
       0
       2
       0
       0
       0
       1
       0
       0
       0
       3
       1
       1
       0
       0
       0
       0
       0
       0
       0
       2
       1
       0
       0
       0
       0
       0
       1
       1
       0
       0
       1
       0
       0
       0
       1
       0
       0
       0
       0
       0
       0
       0
       2
       0
       0
       1
       0
       0
       0
       0
       0
       0
       0
       0
       1
       1
       0
       1
       1
       0
       0
       0
       0
       0
       0
       0
       0
       1
       0
       1
       0
       0
       0
       1
       0
       1
       0
       1
       0
       0
       1
       0
       2
       0
       0
       1
       0
       1
       0
       1
       0
       1
       1
       0
       0
       0
       0
       0
       1
       0
       0
       0
       0
       0
       1
       0
       0
       0
       0
       0
       0
       0
       0
       0
       0
       0
       0
       0
       0
       0
       0
       0
       0
       0
       0
       0
       0
       0
       0
       0
       0
       0
       0
       0
       0
       0
       0
       0
       0
       0
       0
       0
       0
       0
       0
       0
       0
       0
       0
       0
       0
       0
$ROI:
1
112 129
$PRESETS:
Live Time
300
0
$ENER_FIT:
0.000000 0.000000
$MCA_CAL:
3
0.000000E+000 0.000000E+000 0.000000E+000 
$SHAPE_CAL:
3
0.000000E+000 0.000000E+000 0.000000E+000
