$SPEC_ID:
No sample description was entered.
$SPEC_REM:
DET# 1
DETDESC# PRAK01 Easy-MCA-2k SN 15071856
AP# Maestro Version 7.01
$DATE_MEA:
02/12/2002 00:41:16
$MEAS_TIM:
300 300
$DATA:
0 511
       0
       0
       0
       0
       0
       0
       0
       1
       0
       0
       0
       0
       0
       0
       0
       0
       0
       0
       3
     218
     268
     259
     265
     277
     300
     296
     297
     315
     306
     357
     354
     343
     314
     364
     338
     338
     376
     367
     392
     397
     390
     432
     392
     390
     399
     391
     373
     363
     356
     320
     351
     372
     360
     331
     307
     321
     295
     305
     283
     314
     327
     301
     320
     295
     294
     306
     270
     287
     310
     292
     292
     307
     311
     327
     317
     295
     315
     270
     260
     273
     311
     336
     319
     342
     336
     312
     296
     297
     281
     267
     215
     218
     210
     172
     152
     143
     121
     121
     127
     120
     112
      89
     130
     115
     116
     122
      87
     109
     122
     126
     145
     117
     125
     155
     181
     200
     252
     387
     482
     717
    1004
    1255
    1632
    1821
    2006
    2191
    2070
    1925
    1659
    1409
     932
     672
     426
     249
     170
      59
      41
      21
      17
       5
       3
       5
      12
       6
       6
       7
       8
       7
       6
       8
       4
       7
       8
      11
       4
       7
       7
       5
       5
       3
       5
       6
       7
       8
       1
       4
       5
       4
      11
       7
       7
      10
       3
       3
       8
       7
      12
       4
       6
       8
       5
       9
       5
       4
       1
       7
       6
       4
       5
       4
       0
       5
       3
       6
       3
       3
       7
       6
       8
       1
       2
       6
       3
       5
       4
       4
       5
       6
       0
       7
       5
       6
       4
       5
       2
       4
       4
       3
       2
       7
       8
       5
       3
       1
       8
       4
       1
       0
       3
       0
       2
       3
       1
       1
       3
       2
       2
       5
       0
       1
       1
       1
       2
       1
       2
       3
       3
       3
       3
       4
       2
       4
       1
       0
       4
       4
       3
       6
       2
       5
       5
       7
       5
      10
       8
       5
       5
       3
       3
       7
       3
       2
       2
       4
       2
       2
       1
       0
       1
       0
       2
       4
       1
       2
       1
       0
       2
       1
       0
       0
       2
       1
       1
       2
       0
       0
       0
       1
       1
       2
       3
       1
       0
       0
       0
       0
       0
       2
       2
       0
       2
       0
       1
       1
       0
       0
       0
       1
       1
       1
       1
       1
       0
       0
       1
       2
       0
       1
       0
       2
       0
       1
       2
       0
       2
       2
       0
       1
       0
       0
       1
       2
       0
       1
       0
       1
       1
       2
       0
       0
       0
       1
       1
       1
       1
       1
       0
       1
       0
       1
       0
       1
       1
       0
       0
       0
       1
       1
       1
       0
       1
       0
       0
       0
       0
       2
       0
       0
       2
       0
       0
       0
       1
       0
       0
       0
       0
       0
       1
       0
       0
       0
       0
       0
       0
       0
       0
       0
       0
       1
       1
       0
       1
       0
       0
       0
       1
       0
       0
       0
       0
       1
       0
       0
       0
       1
       0
       0
       1
       1
       1
       0
       2
       1
       1
       0
       0
       0
       0
       2
       1
       0
       0
       0
       0
       0
       1
       0
       0
       0
       0
       0
       0
       0
       0
       0
       0
       0
       1
       0
       0
       1
       0
       0
       0
       1
       0
       0
       1
       1
       1
       1
       1
       0
       3
       1
       0
       1
       0
       0
       1
       0
       1
       1
       0
       1
       0
       0
       0
       0
       0
       0
       0
       0
       0
       0
       0
       0
       0
       0
       0
       0
       0
       0
       0
       0
       0
       0
       0
       0
       0
       0
       0
       0
       0
       0
       0
       0
       0
       0
       0
       0
$ROI:
1
117 132
$PRESETS:
Live Time
300
0
$ENER_FIT:
0.000000 0.000000
$MCA_CAL:
3
0.000000E+000 0.000000E+000 0.000000E+000 
$SHAPE_CAL:
3
0.000000E+000 0.000000E+000 0.000000E+000
