$SPEC_ID:
No sample description was entered.
$SPEC_REM:
DET# 1
DETDESC# PRAK01 Easy-MCA-2k SN 15071856
AP# Maestro Version 7.01
$DATE_MEA:
02/12/2002 00:46:59
$MEAS_TIM:
300 300
$DATA:
0 511
       0
       0
       0
       0
       0
       0
       0
       0
       0
       0
       0
       0
       0
       0
       0
       0
       0
       0
       1
     197
     252
     276
     268
     257
     259
     289
     269
     314
     315
     311
     313
     326
     299
     330
     319
     327
     343
     358
     381
     345
     364
     374
     366
     328
     348
     343
     350
     354
     365
     317
     278
     352
     287
     308
     272
     297
     277
     312
     279
     260
     273
     286
     261
     283
     271
     280
     259
     243
     260
     269
     260
     256
     273
     297
     282
     251
     275
     309
     276
     268
     273
     289
     292
     288
     283
     264
     237
     293
     235
     196
     201
     184
     170
     139
     130
     124
     132
     128
     116
     120
      99
      96
     110
     105
      93
     104
     105
     100
      98
     133
      84
     126
     109
     136
     140
     166
     216
     279
     465
     610
     803
    1062
    1363
    1604
    1773
    1918
    1824
    1782
    1444
    1170
     897
     601
     427
     224
     139
      77
      38
      27
      11
      11
       6
       7
       2
       6
       3
       8
       7
       5
       6
       7
       4
       7
       5
       6
       6
       5
       6
       3
       5
       9
       6
       6
       5
       3
       4
       5
       6
       5
       7
       7
       1
       3
       4
       7
       2
       7
       4
       8
       3
      12
       7
       5
       5
       4
       3
       1
       6
       9
       3
       2
       5
       7
       3
       3
       6
       3
       7
       3
       5
       7
       1
       2
       7
       2
       9
       7
       1
       1
       4
       6
       7
       3
       2
       3
       3
       6
       3
       4
       2
       3
       0
       3
       0
       6
       1
       6
       1
       3
       3
       5
       3
       2
       3
       3
       4
       5
       3
       3
       2
       2
       1
       2
       1
       3
       3
       2
       0
       6
       1
       5
       2
       5
       3
       1
       4
       4
       1
       2
       1
       5
       2
       1
       4
       3
       7
       2
       1
       3
       3
       2
       5
       2
       1
       2
       2
       1
       1
       1
       2
       1
       2
       1
       1
       1
       1
       1
       3
       2
       1
       0
       1
       1
       1
       0
       2
       0
       1
       1
       2
       0
       2
       0
       0
       0
       1
       1
       0
       1
       1
       2
       1
       0
       1
       2
       1
       0
       1
       1
       1
       0
       2
       1
       1
       2
       1
       1
       0
       2
       0
       0
       0
       0
       1
       2
       0
       0
       1
       0
       2
       0
       1
       1
       2
       0
       0
       0
       0
       1
       1
       1
       1
       1
       0
       0
       0
       1
       0
       0
       2
       0
       0
       0
       1
       0
       0
       0
       0
       0
       2
       1
       1
       0
       0
       0
       0
       1
       1
       1
       0
       2
       0
       0
       0
       0
       1
       0
       0
       0
       1
       0
       1
       0
       0
       0
       0
       2
       0
       0
       1
       1
       1
       0
       1
       0
       0
       0
       1
       0
       1
       0
       0
       0
       0
       0
       0
       0
       0
       0
       0
       0
       0
       0
       0
       0
       0
       0
       0
       0
       1
       0
       0
       0
       0
       0
       2
       0
       0
       0
       1
       0
       0
       0
       0
       0
       1
       0
       0
       0
       0
       0
       0
       2
       2
       1
       0
       1
       0
       0
       0
       0
       1
       1
       0
       0
       0
       0
       0
       0
       1
       0
       0
       1
       0
       0
       0
       2
       1
       0
       0
       0
       0
       0
       0
       0
       0
       0
       0
       0
       0
       0
       0
       0
       0
       0
       0
       0
       0
       0
       0
       0
       0
       0
       0
       0
       0
       0
       0
       0
       0
       0
       0
       0
$ROI:
1
118 132
$PRESETS:
Live Time
300
0
$ENER_FIT:
0.000000 0.000000
$MCA_CAL:
3
0.000000E+000 0.000000E+000 0.000000E+000 
$SHAPE_CAL:
3
0.000000E+000 0.000000E+000 0.000000E+000
