$SPEC_ID:
No sample description was entered.
$SPEC_REM:
DET# 1
DETDESC# PRAK01 Easy-MCA-2k SN 15071856
AP# Maestro Version 7.01
$DATE_MEA:
02/12/2002 00:53:20
$MEAS_TIM:
300 300
$DATA:
0 511
       0
       0
       0
       1
       0
       0
       0
       0
       0
       0
       0
       0
       0
       0
       0
       0
       1
       0
       7
     197
     282
     251
     284
     302
     306
     328
     344
     341
     346
     373
     358
     388
     377
     384
     401
     397
     396
     376
     365
     443
     412
     389
     396
     388
     400
     404
     398
     366
     369
     368
     334
     347
     339
     352
     345
     328
     352
     339
     353
     331
     326
     320
     362
     321
     360
     269
     317
     300
     340
     284
     309
     309
     338
     285
     315
     309
     330
     323
     329
     322
     327
     323
     322
     335
     336
     338
     280
     284
     285
     294
     255
     214
     215
     206
     162
     157
     161
     138
     134
     127
     119
     129
     126
     132
     112
     129
     147
     123
     127
     133
     137
     151
     127
     157
     162
     216
     304
     402
     508
     715
    1015
    1367
    1633
    1752
    2082
    2187
    2181
    1953
    1736
    1407
    1070
     699
     450
     254
     144
      78
      45
      23
      11
      14
       4
       9
       6
      10
       7
       8
       6
      11
       9
       3
       7
       1
       6
       2
       7
       4
       2
       6
       2
       9
       9
       4
       6
       4
      10
       7
       6
       7
       6
       5
       8
       3
       8
       3
       6
       6
       8
       7
       7
       1
       2
       5
       4
       3
       3
       2
       4
       9
       1
       2
       4
       4
       3
       9
       6
       2
       6
       8
       2
       0
       5
       2
       6
       1
       3
       1
       5
       2
       6
       3
       5
       4
       3
       4
       8
       3
       8
       4
       2
       3
       3
       5
       4
       1
       4
       1
       4
       4
       1
       3
       1
       1
       1
       2
       4
       1
       4
       2
       0
       4
       3
       6
       2
       1
       1
       1
       6
       0
       2
       0
       2
       2
       2
       5
       1
       2
       2
       5
       2
       2
       6
       7
       4
       8
       6
      11
       1
       3
       5
       2
       3
       3
       0
       1
       1
       1
       1
       0
       0
       3
       0
       0
       1
       3
       1
       1
       2
       1
       0
       2
       0
       0
       0
       1
       1
       1
       1
       0
       2
       0
       0
       1
       1
       0
       1
       1
       1
       0
       1
       0
       2
       0
       2
       0
       2
       0
       1
       2
       0
       1
       1
       0
       2
       3
       0
       0
       2
       1
       1
       0
       0
       1
       2
       1
       0
       2
       0
       1
       0
       0
       1
       0
       1
       1
       0
       0
       1
       1
       0
       0
       1
       1
       0
       2
       1
       1
       0
       0
       0
       0
       1
       0
       0
       1
       0
       0
       0
       0
       0
       0
       0
       2
       0
       0
       0
       0
       1
       1
       0
       1
       0
       1
       0
       1
       0
       0
       2
       0
       0
       1
       0
       1
       1
       0
       0
       1
       0
       4
       0
       1
       1
       0
       0
       0
       0
       0
       0
       0
       1
       0
       0
       0
       0
       0
       1
       1
       0
       0
       2
       0
       0
       1
       0
       0
       0
       0
       0
       0
       0
       1
       0
       2
       0
       1
       0
       0
       0
       0
       0
       0
       0
       0
       0
       0
       0
       0
       0
       1
       0
       0
       0
       0
       2
       0
       0
       0
       0
       0
       1
       2
       0
       0
       1
       1
       0
       0
       1
       0
       1
       0
       0
       0
       1
       0
       0
       1
       1
       1
       0
       0
       0
       0
       0
       0
       0
       0
       0
       0
       0
       0
       0
       0
       0
       0
       0
       0
       0
       0
       0
       0
       0
       0
       0
       0
       0
       0
       0
       0
       0
       0
       0
       0
$ROI:
1
118 132
$PRESETS:
Live Time
300
0
$ENER_FIT:
0.000000 0.000000
$MCA_CAL:
3
0.000000E+000 0.000000E+000 0.000000E+000 
$SHAPE_CAL:
3
0.000000E+000 0.000000E+000 0.000000E+000
