#Energie  dE  W'keit dW Kanalnummer
#234Th
63.30 0.02  3.75 0.08 164
92.38 0.01 2.18 0.19 236
# 92.80 0.02 2.15 0.19 236
#234Pa
# 220 0 14 0 551
#226Ra
186.211 0.013 3.555 0.019 468 #226Ra
665.453 0.022 1.530 0.007 1657 #226Ra
1847.420 0.025 2.025 0.012 4594 #226 Ra
2118.55 0.03 1.158 0.005 5266 #226Ra
#214Pb
77.1088 0.0010 10.47 0.20 198 #(214Pb)
87.347 0.10 3.59 0.09 223 #(214Pb)
241.997 0.003 7.268 0.022   607
295.224 0.002 18.414 0.036  739
351.932 0.002 35.60 0.07  880
785.96 0.09 1.064 0.013 1956 #(214Pb)
1155.19 .02 1.635 0.007 2874 #(214Pb)
1238.111 0.012 5.831 0.014 3078 #(214Pb)
1280.96 0.02 1.435 0.006 3184 #(214Pb)
1407.98 0.04 2.389 0.008 3499 #(214Pb)
1509.228 0.015 2.128 0.010 3752 #(214Pb)
1661.28 0.06 1.048 0.009 4130 #(214Pb)
1729.595 0.015 2.844 0.010 4300 #(214Pb)
2204.21 0.04 4.913 0.023 5475 #214Pb
#214Bi
609.312 0.007 45.49 0.019  1518
665.453 0.022 1.530 0.007 1657 #214Bi
768.356 0.010 4.892 0.016   1912
934.061 0.012 3.10 0.01 2324
1120.287 0.010 14.91 0.03  2788
1377.669 0.012 3.968 0.011 3424
1764.494 0.014 15.31 0.05  4386

# 5 5 5 5 3628
# 5 5 5 5 6087